Title: Device d1 external state
Plotname: Device Operating Point
Command: deftype v conductance S
Flags: real
No. Variables: 5
No. Points: 1
Variables:
	0	time	unknown
	1	v12 	voltage
	2	i1 	current
	3	i2 	current
	4	g11 	conductance
Values:
0	 6.607259e-08
	-5.155836e+01
	 2.910707e-05
	-2.910707e-05
	 3.413078e-03
Title: Device d1 (numd2) internal state
Plotname: Device Cross Section
Flags: real
Command: deftype p xs cross
Command: deftype v distance m
Command: deftype v concentration cm^-3
Command: deftype v electric_field V/cm
Command: deftype v current_density A/cm^2
Command: deftype v concentration/time cm^-3/s
Command: deftype v mobility cm^2/Vs
No. Variables: 14
No. Points: 442
Dimensions: 13,34
Variables:
	0	y	distance
	1	x	distance
	2	psi	voltage
	3	dop	concentration
	4	n	concentration
	5	p	concentration
	6	ex	electric_field
	7	ey	electric_field
	8	jdx	current_density
	9	jdy	current_density
	10	jnx	current_density
	11	jny	current_density
	12	jpx	current_density
	13	jpy	current_density
Values:
0	0.000000e+00
	0.000000e+00
	-2.653663e-01
	1.000000e+14
	9.890996e+03
	3.270262e+14
	0.000000e+00
	0.000000e+00
	0.000000e+00
	0.000000e+00
	0.000000e+00
	0.000000e+00
	0.000000e+00
	0.000000e+00
1	5.000000e-07
	0.000000e+00
	-2.647536e-01
	1.000000e+14
	9.134072e+03
	3.193697e+14
	0.000000e+00
	-2.679238e+01
	0.000000e+00
	-6.161353e-07
	0.000000e+00
	-1.089040e-10
	0.000000e+00
	1.054240e-06
2	1.000000e-06
	0.000000e+00
	-2.626871e-01
	1.000000e+14
	7.156915e+03
	2.948454e+14
	0.000000e+00
	-8.462784e+01
	0.000000e+00
	-2.588775e-06
	0.000000e+00
	-2.914606e-10
	0.000000e+00
	5.864996e-06
3	1.500000e-06
	0.000000e+00
	-2.562908e-01
	1.000000e+14
	4.214251e+03
	2.302453e+14
	0.000000e+00
	-4.447021e+02
	0.000000e+00
	3.638113e-06
	0.000000e+00
	-4.837410e-10
	0.000000e+00
	2.796474e-05
4	2.000000e-06
	0.000000e+00
	-2.182169e-01
	1.000000e+14
	2.338851e+03
	5.282889e+13
	0.000000e+00
	-2.680864e+03
	0.000000e+00
	1.517415e-04
	0.000000e+00
	-7.767889e-10
	0.000000e+00
	6.563695e-05
5	2.500000e-06
	0.000000e+00
	1.179559e-02
	1.000000e+14
	1.118990e+06
	7.263698e+09
	0.000000e+00
	-1.049021e+04
	0.000000e+00
	1.367806e-03
	0.000000e+00
	-1.967924e-09
	0.000000e+00
	-2.472709e-06
6	3.000000e-06
	0.000000e+00
	8.308043e-01
	1.000000e+14
	4.460690e+06
	1.203922e+07
	0.000000e+00
	-2.715600e+04
	0.000000e+00
	4.928269e-03
	0.000000e+00
	-2.093503e-06
	0.000000e+00
	-8.271108e-06
7	3.500000e-06
	0.000000e+00
	2.727395e+00
	1.000000e+14
	7.456388e+06
	2.359198e+07
	0.000000e+00
	-4.269197e+04
	0.000000e+00
	1.174441e-02
	0.000000e+00
	-9.516990e-06
	0.000000e+00
	-2.307091e-05
8	4.000000e-06
	0.000000e+00
	5.100001e+00
	1.000000e+14
	8.188746e+06
	3.611265e+07
	0.000000e+00
	-4.868473e+04
	0.000000e+00
	1.392801e-02
	0.000000e+00
	-1.610993e-05
	0.000000e+00
	-3.775262e-05
9	4.400000e-06
	0.000000e+00
	7.086834e+00
	1.000000e+14
	8.309079e+06
	4.097595e+07
	0.000000e+00
	-4.979783e+04
	0.000000e+00
	1.443255e-02
	0.000000e+00
	-1.772720e-05
	0.000000e+00
	-4.336954e-05
10	4.800000e-06
	0.000000e+00
	9.083828e+00
	1.000000e+14
	8.403708e+06
	4.166617e+07
	0.000000e+00
	-4.975443e+04
	0.000000e+00
	1.456942e-02
	0.000000e+00
	-1.799147e-05
	0.000000e+00
	-4.415984e-05
11	5.200000e-06
	0.000000e+00
	1.106719e+01
	1.000000e+14
	8.620147e+06
	4.080988e+07
	0.000000e+00
	-4.931782e+04
	0.000000e+00
	1.461093e-02
	0.000000e+00
	-1.819124e-05
	0.000000e+00
	-4.317366e-05
12	5.600000e-06
	0.000000e+00
	1.302925e+01
	1.000000e+14
	8.967765e+06
	3.943432e+07
	0.000000e+00
	-4.875555e+04
	0.000000e+00
	1.462353e-02
	0.000000e+00
	-1.865131e-05
	0.000000e+00
	-4.159818e-05
13	6.000000e-06
	0.000000e+00
	1.496763e+01
	1.000000e+14
	9.422088e+06
	3.789347e+07
	0.000000e+00
	-4.815420e+04
	0.000000e+00
	1.462737e-02
	0.000000e+00
	-1.939335e-05
	0.000000e+00
	-3.984208e-05
14	6.400000e-06
	0.000000e+00
	1.688159e+01
	1.000000e+14
	9.957083e+06
	3.629707e+07
	0.000000e+00
	-4.754084e+04
	0.000000e+00
	1.462854e-02
	0.000000e+00
	-2.036452e-05
	0.000000e+00
	-3.803215e-05
15	6.800000e-06
	0.000000e+00
	1.877090e+01
	1.000000e+14
	1.055230e+07
	3.467777e+07
	0.000000e+00
	-4.692379e+04
	0.000000e+00
	1.462889e-02
	0.000000e+00
	-2.150829e-05
	0.000000e+00
	-3.620633e-05
16	7.200000e-06
	0.000000e+00
	2.063549e+01
	1.000000e+14
	1.119296e+07
	3.304496e+07
	0.000000e+00
	-4.630563e+04
	0.000000e+00
	1.462900e-02
	0.000000e+00
	-2.278018e-05
	0.000000e+00
	-3.437581e-05
17	7.600000e-06
	0.000000e+00
	2.247535e+01
	1.000000e+14
	1.186864e+07
	3.140111e+07
	0.000000e+00
	-4.568712e+04
	0.000000e+00
	1.462903e-02
	0.000000e+00
	-2.414798e-05
	0.000000e+00
	-3.254387e-05
18	8.000000e-06
	0.000000e+00
	2.429046e+01
	1.000000e+14
	1.257194e+07
	2.974667e+07
	0.000000e+00
	-4.506851e+04
	0.000000e+00
	1.462904e-02
	0.000000e+00
	-2.558888e-05
	0.000000e+00
	-3.071146e-05
19	8.400000e-06
	0.000000e+00
	2.608083e+01
	1.000000e+14
	1.329761e+07
	2.808145e+07
	0.000000e+00
	-4.444987e+04
	0.000000e+00
	1.462905e-02
	0.000000e+00
	-2.708670e-05
	0.000000e+00
	-2.887887e-05
20	8.800000e-06
	0.000000e+00
	2.784645e+01
	1.000000e+14
	1.404180e+07
	2.640508e+07
	0.000000e+00
	-4.383122e+04
	0.000000e+00
	1.462905e-02
	0.000000e+00
	-2.862980e-05
	0.000000e+00
	-2.704617e-05
21	9.200000e-06
	0.000000e+00
	2.958733e+01
	1.000000e+14
	1.480168e+07
	2.471710e+07
	0.000000e+00
	-4.321257e+04
	0.000000e+00
	1.462905e-02
	0.000000e+00
	-3.020964e-05
	0.000000e+00
	-2.521340e-05
22	9.600000e-06
	0.000000e+00
	3.130346e+01
	1.000000e+14
	1.557511e+07
	2.301703e+07
	0.000000e+00
	-4.259391e+04
	0.000000e+00
	1.462905e-02
	0.000000e+00
	-3.181987e-05
	0.000000e+00
	-2.338055e-05
23	1.000000e-05
	0.000000e+00
	3.299484e+01
	1.000000e+14
	1.696113e+07
	2.130433e+07
	0.000000e+00
	-4.197526e+04
	0.000000e+00
	1.462905e-02
	0.000000e+00
	-3.345561e-05
	0.000000e+00
	-2.154763e-05
24	1.100000e-05
	0.000000e+00
	3.711503e+01
	1.000000e+14
	1.899445e+07
	1.827516e+07
	0.000000e+00
	-4.042862e+04
	0.000000e+00
	1.462905e-02
	0.000000e+00
	-3.637845e-05
	0.000000e+00
	-1.833997e-05
25	1.200000e-05
	0.000000e+00
	4.108056e+01
	1.000021e+14
	2.107517e+07
	1.387137e+07
	0.000000e+00
	-3.888196e+04
	0.000000e+00
	1.462905e-02
	0.000000e+00
	-4.064431e-05
	0.000000e+00
	-1.375742e-05
26	1.300000e-05
	0.000000e+00
	4.489143e+01
	1.006775e+14
	2.320079e+07
	9.367604e+06
	0.000000e+00
	-3.733006e+04
	0.000000e+00
	1.462905e-02
	0.000000e+00
	-4.497871e-05
	0.000000e+00
	-9.174403e-06
27	1.400000e-05
	0.000000e+00
	4.854658e+01
	1.995920e+14
	2.555036e+07
	4.751620e+06
	0.000000e+00
	-3.500802e+04
	0.000000e+00
	1.462905e-02
	0.000000e+00
	-4.936606e-05
	0.000000e+00
	-4.590863e-06
28	1.500000e-05
	0.000000e+00
	5.189303e+01
	6.893605e+15
	4.793119e+15
	2.840055e+01
	0.000000e+00
	-1.722106e+04
	0.000000e+00
	1.462905e-02
	0.000000e+00
	-5.380293e-05
	0.000000e+00
	-2.662112e-11
29	1.600000e-05
	0.000000e+00
	5.199079e+01
	2.151523e+17
	2.151250e+17
	4.238158e+01
	0.000000e+00
	-7.658844e+02
	0.000000e+00
	-4.977953e-05
	0.000000e+00
	1.458305e-02
	0.000000e+00
	-2.980154e-12
30	1.700000e-05
	0.000000e+00
	5.204621e+01
	3.159147e+18
	3.159129e+18
	8.411968e+01
	0.000000e+00
	-4.137333e+02
	0.000000e+00
	-5.937127e-09
	0.000000e+00
	1.455352e-02
	0.000000e+00
	-1.455199e-12
31	1.800000e-05
	0.000000e+00
	5.207354e+01
	2.153466e+19
	2.153465e+19
	1.063321e+02
	0.000000e+00
	-2.171189e+02
	0.000000e+00
	-2.259468e-10
	0.000000e+00
	1.455351e-02
	0.000000e+00
	-2.390471e-13
32	1.900000e-05
	0.000000e+00
	5.208963e+01
	6.812157e+19
	6.812156e+19
	9.809552e+01
	0.000000e+00
	-1.072354e+02
	0.000000e+00
	-5.304913e-11
	0.000000e+00
	1.455354e-02
	0.000000e+00
	-6.937571e-15
33	2.000000e-05
	0.000000e+00
	5.209498e+01
	1.000001e+20
	1.000001e+20
	9.521644e+01
	-0.000000e+00
	-5.351207e+01
	-0.000000e+00
	-2.201542e-11
	0.000000e+00
	1.455351e-02
	0.000000e+00
	-6.633103e-17
34	0.000000e+00
	2.000000e-07
	-2.786735e-01
	9.999955e+13
	5.947372e+03
	5.470508e+14
	1.672762e+03
	0.000000e+00
	4.782860e-07
	0.000000e+00
	2.066103e-11
	0.000000e+00
	-9.993985e-07
	0.000000e+00
35	5.000000e-07
	2.000000e-07
	-2.778421e-01
	9.999964e+13
	5.518997e+03
	5.297469e+14
	1.635474e+03
	-3.426336e+01
	1.201498e-06
	-1.351391e-06
	6.943406e-12
	-1.229128e-10
	-2.421106e-06
	3.554492e-06
36	1.000000e-06
	2.000000e-07
	-2.752471e-01
	9.999981e+13
	4.413492e+03
	4.791756e+14
	1.538225e+03
	-8.801739e+01
	3.735720e-06
	-1.513861e-06
	5.054721e-12
	-2.359983e-10
	-1.563694e-05
	1.690376e-05
37	1.500000e-06
	2.000000e-07
	-2.690404e-01
	9.999994e+13
	2.612156e+03
	3.769420e+14
	1.473275e+03
	-3.694776e+02
	-6.741859e-06
	4.288295e-05
	1.209761e-11
	-3.602342e-10
	-7.574639e-05
	5.721655e-05
38	2.000000e-06
	2.000000e-07
	-2.382994e-01
	9.999999e+13
	1.175719e+03
	1.148383e+14
	2.012966e+03
	-2.306228e+03
	-2.550882e-04
	6.192727e-04
	3.148282e-11
	-6.346331e-10
	-1.506239e-04
	4.202262e-05
39	2.500000e-06
	2.000000e-07
	-3.841761e-02
	1.000000e+14
	2.750615e+05
	5.056872e+10
	4.985563e+03
	-9.798038e+03
	-1.414777e-03
	2.909890e-03
	2.813023e-08
	-2.540519e-07
	2.869292e-06
	-6.360326e-06
40	3.000000e-06
	2.000000e-07
	7.415044e-01
	1.000000e+14
	1.272552e+06
	1.542764e+07
	9.278835e+03
	-2.724639e+04
	-2.852674e-03
	8.391402e-03
	1.009824e-06
	-1.613432e-06
	6.967473e-06
	-1.805347e-05
41	3.500000e-06
	2.000000e-07
	2.686221e+00
	1.000000e+14
	3.100995e+06
	2.615123e+07
	4.037824e+03
	-4.345542e+04
	-8.252860e-04
	1.308643e-02
	1.198550e-06
	-4.711503e-06
	6.551137e-06
	-3.252398e-05
42	4.000000e-06
	2.000000e-07
	5.087047e+00
	1.000000e+14
	4.681739e+06
	3.744174e+07
	1.217724e+03
	-4.905489e+04
	-2.040420e-04
	1.428766e-02
	2.061294e-07
	-8.610926e-06
	3.217033e-06
	-4.190043e-05
43	4.400000e-06
	2.000000e-07
	7.082470e+00
	1.000000e+14
	5.717572e+06
	4.152926e+07
	4.012385e+02
	-4.994240e+04
	-6.167768e-05
	1.452642e-02
	-2.890151e-07
	-1.125892e-05
	1.207986e-06
	-4.419427e-05
44	4.800000e-06
	2.000000e-07
	9.082439e+00
	1.000000e+14
	6.530793e+06
	4.186020e+07
	1.263061e+02
	-4.980358e+04
	-1.867652e-05
	1.459794e-02
	-4.269938e-07
	-1.325909e-05
	3.847416e-07
	-4.381351e-05
45	5.200000e-06
	2.000000e-07
	1.106676e+01
	1.000000e+14
	7.250308e+06
	4.087116e+07
	3.901710e+01
	-4.933352e+04
	-5.673849e-06
	1.461958e-02
	-4.134740e-07
	-1.491239e-05
	1.160384e-07
	-4.243179e-05
46	5.600000e-06
	2.000000e-07
	1.302912e+01
	1.000000e+14
	7.941180e+06
	3.945294e+07
	1.195999e+01
	-4.876044e+04
	-1.727036e-06
	1.462617e-02
	-3.591181e-07
	-1.643042e-05
	3.429952e-08
	-4.073403e-05
47	6.000000e-06
	2.000000e-07
	1.496759e+01
	1.000000e+14
	8.631269e+06
	3.789911e+07
	3.654544e+00
	-4.815570e+04
	-5.261715e-07
	1.462817e-02
	-3.028433e-07
	-1.791431e-05
	1.004161e-08
	-3.894135e-05
48	6.400000e-06
	2.000000e-07
	1.688158e+01
	1.000000e+14
	9.331415e+06
	3.629885e+07
	1.115247e+00
	-4.754129e+04
	-1.603760e-07
	1.462878e-02
	-2.548421e-07
	-1.940604e-05
	2.913317e-09
	-3.712060e-05
49	6.800000e-06
	2.000000e-07
	1.877090e+01
	1.000000e+14
	1.004523e+07
	3.467840e+07
	3.401532e-01
	-4.692393e+04
	-4.888470e-08
	1.462897e-02
	-2.160452e-07
	-2.092116e-05
	8.300731e-10
	-3.529157e-05
50	7.200000e-06
	2.000000e-07
	2.063549e+01
	1.000000e+14
	1.077334e+07
	3.304523e+07
	1.037228e-01
	-4.630567e+04
	-1.490183e-08
	1.462902e-02
	-1.850002e-07
	-2.246410e-05
	2.245780e-10
	-3.346007e-05
51	7.600000e-06
	2.000000e-07
	2.247535e+01
	1.000000e+14
	1.151522e+07
	3.140127e+07
	3.162360e-02
	-4.568714e+04
	-4.542346e-09
	1.462904e-02
	-1.599952e-07
	-2.403479e-05
	5.033491e-11
	-3.162781e-05
52	8.000000e-06
	2.000000e-07
	2.429046e+01
	1.000000e+14
	1.226991e+07
	2.974679e+07
	9.639670e-03
	-4.506852e+04
	-1.385159e-09
	1.462905e-02
	-1.395983e-07
	-2.563142e-05
	1.460770e-12
	-2.979528e-05
53	8.400000e-06
	2.000000e-07
	2.608083e+01
	1.000000e+14
	1.303638e+07
	2.808154e+07
	2.936944e-03
	-4.444987e+04
	-4.147772e-10
	1.462905e-02
	-1.227208e-07
	-2.725165e-05
	-1.118264e-11
	-2.796261e-05
54	8.800000e-06
	2.000000e-07
	2.784645e+01
	1.000000e+14
	1.381366e+07
	2.640516e+07
	8.934197e-04
	-4.383122e+04
	-1.264526e-10
	1.462905e-02
	-1.085588e-07
	-2.889310e-05
	-1.348422e-11
	-2.612987e-05
55	9.200000e-06
	2.000000e-07
	2.958733e+01
	1.000000e+14
	1.460088e+07
	2.471717e+07
	2.702184e-04
	-4.321257e+04
	-4.087884e-11
	1.462905e-02
	-9.652250e-08
	-3.055352e-05
	-1.292696e-11
	-2.429704e-05
56	9.600000e-06
	2.000000e-07
	3.130346e+01
	1.000000e+14
	1.539726e+07
	2.301709e+07
	7.929826e-05
	-4.259391e+04
	-1.561122e-11
	1.462905e-02
	-8.617664e-08
	-3.223090e-05
	-1.165516e-11
	-2.246415e-05
57	1.000000e-05
	2.000000e-07
	3.299484e+01
	1.000000e+14
	1.681434e+07
	2.130439e+07
	1.771366e-05
	-4.197526e+04
	-1.844430e-11
	1.462905e-02
	-7.177893e-08
	-3.392788e-05
	-1.027275e-11
	-2.063121e-05
58	1.100000e-05
	2.000000e-07
	3.711503e+01
	1.000000e+14
	1.888019e+07
	1.827521e+07
	1.036987e-07
	-4.042862e+04
	1.106165e-11
	1.462905e-02
	-5.630321e-08
	-3.823171e-05
	-8.171516e-12
	-1.604873e-05
59	1.200000e-05
	2.000000e-07
	4.108056e+01
	1.000021e+14
	2.098547e+07
	1.387140e+07
	-1.100206e-06
	-3.888196e+04
	-9.067656e-12
	1.462905e-02
	-4.441904e-08
	-4.259354e-05
	-5.763788e-12
	-1.146593e-05
60	1.300000e-05
	2.000000e-07
	4.489143e+01
	1.006775e+14
	2.312998e+07
	9.367624e+06
	-9.728862e-07
	-3.733006e+04
	7.850139e-14
	1.462905e-02
	-3.516133e-08
	-4.700133e-05
	-3.676558e-12
	-6.882647e-06
61	1.400000e-05
	2.000000e-07
	4.854658e+01
	1.995920e+14
	2.549374e+07
	4.751629e+06
	-7.473561e-07
	-3.500802e+04
	6.136501e-12
	1.462905e-02
	-2.764647e-08
	-5.144955e-05
	-1.795966e-12
	-2.295450e-06
62	1.500000e-05
	2.000000e-07
	5.189303e+01
	6.893605e+15
	4.793119e+15
	2.840055e+01
	-1.049729e-07
	-1.722106e+04
	9.433978e-12
	7.289635e-03
	-8.349610e-08
	7.264695e-03
	-1.908230e-22
	-1.480064e-11
63	1.600000e-05
	2.000000e-07
	5.199079e+01
	2.151523e+17
	2.151250e+17
	4.238158e+01
	-1.078153e-09
	-7.658844e+02
	-4.738709e-12
	-2.489273e-05
	-1.759237e-08
	1.456830e-02
	-1.949028e-23
	-2.217676e-12
64	1.700000e-05
	2.000000e-07
	5.204621e+01
	3.159147e+18
	3.159129e+18
	8.411968e+01
	-0.000000e+00
	-4.137333e+02
	5.997935e-12
	-3.080415e-09
	-1.416816e-11
	1.455351e-02
	2.987563e-26
	-8.471232e-13
65	1.800000e-05
	2.000000e-07
	5.207354e+01
	2.153466e+19
	2.153465e+19
	1.063321e+02
	-0.000000e+00
	-2.171189e+02
	1.624550e-12
	-1.397416e-10
	7.403611e-11
	1.455353e-02
	-7.218088e-27
	-1.229923e-13
66	1.900000e-05
	2.000000e-07
	5.208963e+01
	6.812157e+19
	6.812156e+19
	9.809552e+01
	-0.000000e+00
	-1.072354e+02
	1.624550e-12
	-3.753227e-11
	2.705812e-10
	1.455353e-02
	3.304068e-28
	-3.501951e-15
67	2.000000e-05
	2.000000e-07
	5.209498e+01
	1.000001e+20
	1.000001e+20
	9.521644e+01
	-0.000000e+00
	-5.351207e+01
	-0.000000e+00
	-2.201542e-11
	0.000000e+00
	1.455351e-02
	0.000000e+00
	-6.633103e-17
68	0.000000e+00
	3.000000e-07
	-3.004381e-01
	9.746486e+13
	2.594671e+03
	1.269047e+15
	3.238559e+03
	0.000000e+00
	5.671033e-07
	0.000000e+00
	2.719345e-11
	0.000000e+00
	-1.672206e-06
	0.000000e+00
69	5.000000e-07
	3.000000e-07
	-2.991021e-01
	9.795720e+13
	2.436240e+03
	1.205163e+15
	3.138897e+03
	-5.257611e+01
	1.508281e-06
	-9.255417e-07
	8.831806e-12
	-5.599647e-11
	-3.365394e-06
	4.589267e-06
70	1.000000e-06
	3.000000e-07
	-2.951805e-01
	9.893121e+13
	2.049613e+03
	1.035618e+15
	2.877319e+03
	-1.114998e+02
	5.572429e-06
	-2.195732e-06
	6.655620e-12
	-1.090476e-10
	-2.265352e-05
	1.808702e-05
71	1.500000e-06
	3.000000e-07
	-2.879521e-01
	9.963692e+13
	1.272267e+03
	7.831180e+14
	2.608326e+03
	-3.170727e+02
	1.308167e-06
	1.276107e-05
	9.655708e-12
	-1.619640e-10
	-1.176519e-04
	6.952210e-05
72	2.000000e-06
	3.000000e-07
	-2.634732e-01
	9.991991e+13
	4.767886e+02
	3.039429e+14
	3.106394e+03
	-1.873044e+03
	-2.460580e-04
	4.431927e-04
	1.958590e-11
	-2.331673e-10
	-3.159390e-04
	5.481023e-05
73	2.500000e-06
	3.000000e-07
	-1.006478e-01
	9.998853e+13
	3.058123e+04
	5.607046e+11
	7.425710e+03
	-8.881201e+03
	-2.108556e-03
	2.579789e-03
	3.731773e-09
	-2.769080e-08
	3.151474e-06
	-5.787205e-06
74	3.000000e-06
	3.000000e-07
	6.246469e-01
	9.999893e+13
	6.116411e+05
	1.786356e+07
	1.433510e+04
	-2.736595e+04
	-4.430302e-03
	8.466061e-03
	8.978952e-07
	-6.825303e-07
	1.062265e-05
	-1.975209e-05
75	3.500000e-06
	3.000000e-07
	2.635947e+00
	9.999994e+13
	1.653884e+06
	2.811619e+07
	5.954251e+03
	-4.447373e+04
	-1.177687e-03
	1.342117e-02
	1.365269e-06
	-2.443709e-06
	9.640157e-06
	-3.441734e-05
76	4.000000e-06
	3.000000e-07
	5.072020e+00
	1.000000e+14
	3.114429e+06
	3.877213e+07
	1.737466e+03
	-4.950846e+04
	-2.837127e-04
	1.438031e-02
	4.813985e-07
	-5.337081e-06
	4.633175e-06
	-4.298390e-05
77	4.400000e-06
	3.000000e-07
	7.077543e+00
	1.000000e+14
	4.335088e+06
	4.213839e+07
	5.633088e+02
	-5.011090e+04
	-8.532475e-05
	1.455482e-02
	-1.361955e-07
	-8.066336e-06
	1.703373e-06
	-4.467133e-05
78	4.800000e-06
	3.000000e-07
	9.080891e+00
	1.000000e+14
	5.387170e+06
	4.207621e+07
	1.759370e+02
	-4.985921e+04
	-2.582975e-05
	1.460650e-02
	-3.812327e-07
	-1.052491e-05
	5.366878e-07
	-4.397705e-05
79	5.200000e-06
	3.000000e-07
	1.106628e+01
	1.000000e+14
	6.315635e+06
	4.093910e+07
	5.415794e+01
	-4.935104e+04
	-7.850373e-06
	1.462217e-02
	-4.273266e-07
	-1.266359e-05
	1.611316e-07
	-4.248262e-05
80	5.600000e-06
	3.000000e-07
	1.302897e+01
	1.000000e+14
	7.172482e+06
	3.947349e+07
	1.657623e+01
	-4.876584e+04
	-2.390313e-06
	1.462695e-02
	-4.007300e-07
	-1.458813e-05
	4.754558e-08
	-4.074935e-05
81	6.000000e-06
	3.000000e-07
	1.496755e+01
	1.000000e+14
	7.991578e+06
	3.790532e+07
	5.061922e+00
	-4.815736e+04
	-7.283797e-07
	1.462841e-02
	-3.554637e-07
	-1.639185e-05
	1.391144e-08
	-3.894599e-05
82	6.400000e-06
	3.000000e-07
	1.688156e+01
	1.000000e+14
	8.792294e+06
	3.630079e+07
	1.544331e+00
	-4.754180e+04
	-2.220203e-07
	1.462885e-02
	-3.103035e-07
	-1.813247e-05
	4.036009e-09
	-3.712208e-05
83	6.800000e-06
	3.000000e-07
	1.877089e+01
	1.000000e+14
	9.585420e+06
	3.467907e+07
	4.709741e-01
	-4.692409e+04
	-6.768015e-08
	1.462899e-02
	-2.704813e-07
	-1.984257e-05
	1.150571e-09
	-3.529211e-05
84	7.200000e-06
	3.000000e-07
	2.063549e+01
	1.000000e+14
	1.037699e+07
	3.304553e+07
	1.436077e-01
	-4.630572e+04
	-2.063082e-08
	1.462903e-02
	-2.366466e-07
	-2.154024e-05
	3.118099e-10
	-3.346033e-05
85	7.600000e-06
	3.000000e-07
	2.247535e+01
	1.000000e+14
	1.117041e+07
	3.140144e+07
	4.378318e-02
	-4.568715e+04
	-6.286352e-09
	1.462904e-02
	-2.081226e-07
	-2.323554e-05
	7.030048e-11
	-3.162797e-05
86	8.000000e-06
	3.000000e-07
	2.429046e+01
	1.000000e+14
	1.196759e+07
	2.974691e+07
	1.334615e-02
	-4.506852e+04
	-1.919847e-09
	1.462905e-02
	-1.839941e-07
	-2.493405e-05
	2.451755e-12
	-2.979540e-05
87	8.400000e-06
	3.000000e-07
	2.608083e+01
	1.000000e+14
	1.276958e+07
	2.808165e+07
	4.066222e-03
	-4.444988e+04
	-5.726057e-10
	1.462905e-02
	-1.634301e-07
	-2.663877e-05
	-1.518018e-11
	-2.796271e-05
88	8.800000e-06
	3.000000e-07
	2.784645e+01
	1.000000e+14
	1.357693e+07
	2.640525e+07
	1.236963e-03
	-4.383122e+04
	-1.863937e-10
	1.462905e-02
	-1.457527e-07
	-2.835123e-05
	-1.845638e-11
	-2.612995e-05
89	9.200000e-06
	3.000000e-07
	2.958733e+01
	1.000000e+14
	1.438988e+07
	2.471725e+07
	3.741377e-04
	-4.321257e+04
	-4.260104e-11
	1.462905e-02
	-1.304280e-07
	-3.007207e-05
	-1.774878e-11
	-2.429712e-05
90	9.600000e-06
	3.000000e-07
	3.130346e+01
	1.000000e+14
	1.520852e+07
	2.301716e+07
	1.098040e-04
	-4.259391e+04
	-2.426764e-11
	1.462905e-02
	-1.170404e-07
	-3.180140e-05
	-1.603416e-11
	-2.246421e-05
91	1.000000e-05
	3.000000e-07
	3.299484e+01
	1.000000e+14
	1.665680e+07
	2.130445e+07
	2.453455e-05
	-4.197526e+04
	-8.414485e-12
	1.462905e-02
	-9.805065e-08
	-3.354177e-05
	-1.415424e-11
	-2.063126e-05
92	1.100000e-05
	3.000000e-07
	3.711503e+01
	1.000000e+14
	1.875640e+07
	1.827526e+07
	1.487851e-07
	-4.042862e+04
	1.200393e-11
	1.462905e-02
	-7.728957e-08
	-3.793032e-05
	-1.127556e-11
	-1.604877e-05
93	1.200000e-05
	3.000000e-07
	4.108056e+01
	1.000021e+14
	2.088770e+07
	1.387143e+07
	-1.520490e-06
	-3.888196e+04
	7.464590e-13
	1.462905e-02
	-6.116658e-08
	-4.235676e-05
	-7.961125e-12
	-1.146596e-05
94	1.300000e-05
	3.000000e-07
	4.489143e+01
	1.006775e+14
	2.305250e+07
	9.367645e+06
	-1.345241e-06
	-3.733006e+04
	-1.488852e-11
	1.462905e-02
	-4.851451e-08
	-4.681456e-05
	-5.081192e-12
	-6.882663e-06
95	1.400000e-05
	3.000000e-07
	4.854658e+01
	1.995920e+14
	2.543164e+07
	4.751640e+06
	-1.033851e-06
	-3.500802e+04
	-5.647686e-13
	1.462905e-02
	-3.819343e-08
	-5.130174e-05
	-2.482906e-12
	-2.295455e-06
96	1.500000e-05
	3.000000e-07
	5.189303e+01
	6.893605e+15
	4.793119e+15
	2.840055e+01
	-1.455507e-07
	-1.722106e+04
	3.592048e-12
	7.289635e-03
	-1.157603e-07
	7.264775e-03
	-2.647828e-22
	-1.480064e-11
97	1.600000e-05
	3.000000e-07
	5.199079e+01
	2.151523e+17
	2.151250e+17
	4.238158e+01
	-1.764251e-09
	-7.658844e+02
	7.934495e-12
	-2.489274e-05
	-2.880683e-08
	1.456831e-02
	-2.773597e-23
	-2.217676e-12
98	1.700000e-05
	3.000000e-07
	5.204621e+01
	3.159147e+18
	3.159129e+18
	8.411968e+01
	-2.940418e-10
	-4.137333e+02
	3.280039e-12
	-3.080218e-09
	-2.337746e-08
	1.455352e-02
	-1.070334e-24
	-8.471232e-13
99	1.800000e-05
	3.000000e-07
	5.207354e+01
	2.153466e+19
	2.153465e+19
	1.063321e+02
	-0.000000e+00
	-2.171189e+02
	1.218413e-12
	-1.400087e-10
	7.403611e-11
	1.455353e-02
	-1.065527e-26
	-1.229923e-13
100	1.900000e-05
	3.000000e-07
	5.208963e+01
	6.812157e+19
	6.812156e+19
	9.809552e+01
	-0.000000e+00
	-1.072354e+02
	1.218413e-12
	-3.765411e-11
	2.705812e-10
	1.455353e-02
	-3.304068e-28
	-3.501951e-15
101	2.000000e-05
	3.000000e-07
	5.209498e+01
	1.000001e+20
	1.000001e+20
	9.521644e+01
	-0.000000e+00
	-5.351207e+01
	-0.000000e+00
	-2.225910e-11
	0.000000e+00
	1.455351e-02
	0.000000e+00
	-6.633103e-17
102	0.000000e+00
	4.000000e-07
	-3.434446e-01
	-2.440333e+15
	5.235581e+02
	6.734828e+15
	7.632970e+03
	0.000000e+00
	3.964661e-07
	0.000000e+00
	3.034120e-11
	0.000000e+00
	-4.077967e-06
	0.000000e+00
103	5.000000e-07
	4.000000e-07
	-3.406201e-01
	-1.946976e+15
	5.012474e+02
	6.033811e+15
	7.322231e+03
	-1.065112e+02
	1.155503e-06
	-3.503255e-07
	9.445533e-12
	-1.263434e-11
	-3.935070e-06
	1.400029e-05
104	1.000000e-06
	4.000000e-07
	-3.327935e-01
	-9.709757e+14
	4.881223e+02
	4.450544e+15
	6.459641e+03
	-1.941317e+02
	5.402531e-06
	-1.553883e-06
	7.976041e-12
	-2.582287e-11
	-2.764879e-05
	3.006961e-05
105	1.500000e-06
	4.000000e-07
	-3.212069e-01
	-2.638236e+14
	3.606380e+02
	2.837313e+15
	5.333995e+03
	-3.236627e+02
	1.292339e-05
	-7.443132e-06
	7.373559e-12
	-4.150819e-11
	-1.585731e-04
	9.518146e-05
106	2.000000e-06
	4.000000e-07
	-3.004273e-01
	1.974970e+13
	1.261090e+02
	1.267342e+15
	4.876168e+03
	-1.342751e+03
	-7.028246e-05
	1.972999e-04
	8.069778e-12
	-5.087490e-11
	-5.999578e-04
	9.142163e-05
107	2.500000e-06
	4.000000e-07
	-1.869318e-01
	8.850664e+13
	1.231020e+03
	1.575866e+13
	9.765513e+03
	-7.552297e+03
	-2.738403e-03
	2.073041e-03
	8.441183e-11
	-1.087208e-09
	-3.036449e-05
	1.177504e-05
108	3.000000e-06
	4.000000e-07
	4.548025e-01
	9.893121e+13
	4.204717e+05
	1.993130e+07
	2.000214e+04
	-2.754068e+04
	-6.230903e-03
	8.577576e-03
	6.548691e-07
	-4.526276e-07
	1.458673e-05
	-2.123288e-05
109	3.500000e-06
	4.000000e-07
	2.567136e+00
	9.993547e+13
	1.148767e+06
	3.016674e+07
	7.704065e+03
	-4.597495e+04
	-1.435743e-03
	1.391575e-02
	1.292011e-06
	-1.695040e-06
	1.262709e-05
	-3.673777e-05
110	4.000000e-06
	4.000000e-07
	5.052297e+00
	9.999747e+13
	2.229335e+06
	4.059375e+07
	2.135025e+03
	-5.013070e+04
	-3.346727e-04
	1.450169e-02
	6.354279e-07
	-3.788236e-06
	5.821370e-06
	-4.446419e-05
111	4.400000e-06
	4.000000e-07
	7.071204e+00
	9.999986e+13
	3.337016e+06
	4.295540e+07
	6.762050e+02
	-5.033278e+04
	-1.002910e-04
	1.459089e-02
	3.585633e-08
	-6.028208e-06
	2.063810e-06
	-4.530642e-05
112	4.800000e-06
	4.000000e-07
	9.078920e+00
	9.999999e+13
	4.425444e+06
	4.235667e+07
	2.089683e+02
	-4.993087e+04
	-3.038825e-05
	1.461731e-02
	-2.608932e-07
	-8.403720e-06
	6.393500e-07
	-4.418862e-05
113	5.200000e-06
	4.000000e-07
	1.106567e+01
	1.000000e+14
	5.445619e+06
	4.102591e+07
	6.403646e+01
	-4.937337e+04
	-9.244435e-06
	1.462544e-02
	-3.596494e-07
	-1.068159e-05
	1.906869e-07
	-4.254748e-05
114	5.600000e-06
	4.000000e-07
	1.302879e+01
	1.000000e+14
	6.403982e+06
	3.949957e+07
	1.956326e+01
	-4.877271e+04
	-2.816210e-06
	1.462795e-02
	-3.698071e-07
	-1.281600e-05
	5.612972e-08
	-4.076879e-05
115	6.000000e-06
	4.000000e-07
	1.496749e+01
	1.000000e+14
	7.317650e+06
	3.791316e+07
	5.969506e+00
	-4.815946e+04
	-8.583579e-07
	1.462871e-02
	-3.474666e-07
	-1.483261e-05
	1.640975e-08
	-3.895187e-05
116	6.400000e-06
	4.000000e-07
	1.688155e+01
	1.000000e+14
	8.201388e+06
	3.630324e+07
	1.820651e+00
	-4.754244e+04
	-2.616737e-07
	1.462895e-02
	-3.159992e-07
	-1.676597e-05
	4.760496e-09
	-3.712394e-05
117	6.800000e-06
	4.000000e-07
	1.877089e+01
	1.000000e+14
	9.065850e+06
	3.467992e+07
	5.551715e-01
	-4.692428e+04
	-7.979631e-08
	1.462902e-02
	-2.840903e-07
	-1.864354e-05
	1.357887e-09
	-3.529278e-05
118	7.200000e-06
	4.000000e-07
	2.063549e+01
	1.000000e+14
	9.918368e+06
	3.304589e+07
	1.692719e-01
	-4.630578e+04
	-2.432283e-08
	1.462904e-02
	-2.545859e-07
	-2.048470e-05
	3.686832e-10
	-3.346064e-05
119	7.600000e-06
	4.000000e-07
	2.247535e+01
	1.000000e+14
	1.076393e+07
	3.140166e+07
	5.160662e-02
	-4.568717e+04
	-7.429203e-09
	1.462905e-02
	-2.281625e-07
	-2.230263e-05
	8.367806e-11
	-3.162816e-05
120	8.000000e-06
	4.000000e-07
	2.429046e+01
	1.000000e+14
	1.160593e+07
	2.974707e+07
	1.573083e-02
	-4.506853e+04
	-2.268724e-09
	1.462905e-02
	-2.047439e-07
	-2.410625e-05
	3.469832e-12
	-2.979555e-05
121	8.400000e-06
	4.000000e-07
	2.608083e+01
	1.000000e+14
	1.244668e+07
	2.808178e+07
	4.792789e-03
	-4.444988e+04
	-6.855534e-10
	1.462905e-02
	-1.840280e-07
	-2.590156e-05
	-1.748024e-11
	-2.796284e-05
122	8.800000e-06
	4.000000e-07
	2.784645e+01
	1.000000e+14
	1.328777e+07
	2.640536e+07
	1.458012e-03
	-4.383122e+04
	-1.987789e-10
	1.462905e-02
	-1.656747e-07
	-2.769258e-05
	-2.146188e-11
	-2.613006e-05
123	9.200000e-06
	4.000000e-07
	2.958733e+01
	1.000000e+14
	1.413028e+07
	2.471735e+07
	4.410152e-04
	-4.321257e+04
	-7.169553e-11
	1.462905e-02
	-1.493687e-07
	-2.948198e-05
	-2.071447e-11
	-2.429721e-05
124	9.600000e-06
	4.000000e-07
	3.130346e+01
	1.000000e+14
	1.497497e+07
	2.301725e+07
	1.294456e-04
	-4.259391e+04
	-4.818396e-12
	1.462905e-02
	-1.348363e-07
	-3.127153e-05
	-1.875664e-11
	-2.246430e-05
125	1.000000e-05
	4.000000e-07
	3.299484e+01
	1.000000e+14
	1.646057e+07
	2.130452e+07
	2.893175e-05
	-4.197526e+04
	-3.166319e-12
	1.462905e-02
	-1.137324e-07
	-3.306318e-05
	-1.658770e-11
	-2.063134e-05
126	1.100000e-05
	4.000000e-07
	3.711503e+01
	1.000000e+14
	1.860133e+07
	1.827532e+07
	1.826979e-07
	-4.042862e+04
	-1.476083e-11
	1.462905e-02
	-9.017569e-08
	-3.755397e-05
	-1.323703e-11
	-1.604882e-05
127	1.200000e-05
	4.000000e-07
	4.108056e+01
	1.000021e+14
	2.076478e+07
	1.387147e+07
	-1.788754e-06
	-3.888196e+04
	1.361154e-11
	1.462905e-02
	-7.163075e-08
	-4.205969e-05
	-9.357070e-12
	-1.146600e-05
128	1.300000e-05
	4.000000e-07
	4.489143e+01
	1.006775e+14
	2.295487e+07
	9.367673e+06
	-1.584101e-06
	-3.733006e+04
	2.869962e-12
	1.462905e-02
	-5.694887e-08
	-4.657953e-05
	-5.976385e-12
	-6.882683e-06
129	1.400000e-05
	4.000000e-07
	4.854658e+01
	1.995920e+14
	2.535329e+07
	4.751653e+06
	-1.218313e-06
	-3.500802e+04
	5.579296e-12
	1.462905e-02
	-4.490051e-08
	-5.111537e-05
	-2.921449e-12
	-2.295461e-06
130	1.500000e-05
	4.000000e-07
	5.189303e+01
	6.893605e+15
	4.793119e+15
	2.840055e+01
	-1.719164e-07
	-1.722106e+04
	-9.113407e-12
	7.289635e-03
	-1.367137e-07
	7.264876e-03
	-3.130516e-22
	-1.480064e-11
131	1.600000e-05
	4.000000e-07
	5.199079e+01
	2.151523e+17
	2.151250e+17
	4.238158e+01
	-2.352334e-09
	-7.658844e+02
	9.039029e-12
	-2.489273e-05
	-3.843421e-08
	1.456833e-02
	-3.331897e-23
	-2.217676e-12
132	1.700000e-05
	4.000000e-07
	5.204621e+01
	3.159147e+18
	3.159129e+18
	8.411968e+01
	-1.960278e-10
	-4.137333e+02
	2.842963e-12
	-3.081087e-09
	-1.553775e-08
	1.455352e-02
	-1.520827e-24
	-8.471232e-13
133	1.800000e-05
	4.000000e-07
	5.207354e+01
	2.153466e+19
	2.153465e+19
	1.063321e+02
	-0.000000e+00
	-2.171189e+02
	-0.000000e+00
	-1.399478e-10
	1.974296e-10
	1.455353e-02
	-1.054070e-26
	-1.229923e-13
134	1.900000e-05
	4.000000e-07
	5.208963e+01
	6.812157e+19
	6.812156e+19
	9.809552e+01
	-0.000000e+00
	-1.072354e+02
	-0.000000e+00
	-3.765411e-11
	-7.215500e-10
	1.455353e-02
	-4.405424e-28
	-3.501951e-15
135	2.000000e-05
	4.000000e-07
	5.209498e+01
	1.000001e+20
	1.000001e+20
	9.521644e+01
	-0.000000e+00
	-5.351207e+01
	-0.000000e+00
	-2.225910e-11
	0.000000e+00
	1.455351e-02
	0.000000e+00
	-6.633103e-17
136	0.000000e+00
	4.500000e-07
	-3.899403e-01
	-4.197278e+16
	1.090507e+02
	4.208242e+16
	9.351085e+03
	0.000000e+00
	1.935481e-07
	0.000000e+00
	3.087148e-11
	0.000000e+00
	-1.106916e-05
	0.000000e+00
137	5.000000e-07
	4.500000e-07
	-3.851573e-01
	-3.380186e+16
	9.798337e+01
	3.470698e+16
	9.265958e+03
	-1.810271e+02
	6.121039e-07
	-1.186746e-07
	9.388441e-12
	-2.417361e-12
	-4.246814e-06
	6.685634e-05
138	1.000000e-06
	4.500000e-07
	-3.718376e-01
	-1.763741e+16
	1.147419e+02
	2.046118e+16
	8.906270e+03
	-3.225914e+02
	3.523205e-06
	-8.317539e-07
	8.334158e-12
	-5.142895e-12
	-2.903101e-05
	9.097839e-05
139	1.500000e-06
	4.500000e-07
	-3.528982e-01
	-5.925617e+15
	1.113212e+02
	9.743720e+15
	7.820759e+03
	-4.407757e+02
	1.404593e-05
	-8.068456e-06
	7.214593e-12
	-1.104936e-11
	-1.751089e-04
	1.739010e-04
140	2.000000e-06
	4.500000e-07
	-3.277600e-01
	-1.229099e+15
	4.804093e+01
	3.665424e+15
	6.472599e+03
	-1.142960e+03
	4.250479e-05
	5.242362e-05
	5.577308e-12
	-1.530934e-11
	-7.567328e-04
	1.967891e-04
141	2.500000e-06
	4.500000e-07
	-2.386022e-01
	-9.035210e+13
	1.788851e+02
	1.162353e+14
	1.084077e+04
	-6.750075e+03
	-2.883291e-03
	1.737681e-03
	1.274415e-11
	-1.561541e-10
	-1.758878e-04
	7.150709e-05
142	3.000000e-06
	4.500000e-07
	3.472475e-01
	8.229881e+13
	2.955799e+05
	2.141016e+07
	2.313628e+04
	-2.765160e+04
	-7.243909e-03
	8.647397e-03
	5.024066e-07
	-3.181221e-07
	1.674017e-05
	-2.213409e-05
143	3.500000e-06
	4.500000e-07
	2.526558e+00
	9.893121e+13
	9.670495e+05
	3.145987e+07
	8.489134e+03
	-4.693968e+04
	-1.515248e-03
	1.423432e-02
	1.214950e-06
	-1.365252e-06
	1.408953e-05
	-3.820327e-05
144	4.000000e-06
	4.500000e-07
	5.041215e+00
	9.995810e+13
	1.940931e+06
	4.171839e+07
	2.275609e+03
	-5.049837e+04
	-3.472465e-04
	1.456917e-02
	6.537443e-07
	-3.267106e-06
	6.305354e-06
	-4.535863e-05
145	4.400000e-06
	4.500000e-07
	7.067717e+00
	9.999770e+13
	2.976362e+06
	4.342725e+07
	7.104659e+02
	-5.045788e+04
	-1.040212e-04
	1.461040e-02
	9.676401e-08
	-5.325760e-06
	2.182099e-06
	-4.566979e-05
146	4.800000e-06
	4.500000e-07
	9.077845e+00
	9.999990e+13
	4.043589e+06
	4.251248e+07
	2.181897e+02
	-4.997034e+04
	-3.155304e-05
	1.462314e-02
	-1.986421e-07
	-7.600077e-06
	6.688952e-07
	-4.430574e-05
147	5.200000e-06
	4.500000e-07
	1.106534e+01
	1.000000e+14
	5.075207e+06
	4.107336e+07
	6.669081e+01
	-4.938554e+04
	-9.605297e-06
	1.462721e-02
	-3.117937e-07
	-9.867624e-06
	1.987064e-07
	-4.258288e-05
148	5.600000e-06
	4.500000e-07
	1.302869e+01
	1.000000e+14
	6.059407e+06
	3.951373e+07
	2.035298e+01
	-4.877644e+04
	-2.927080e-06
	1.462848e-02
	-3.370551e-07
	-1.204271e-05
	5.840661e-08
	-4.077934e-05
149	6.000000e-06
	4.500000e-07
	1.496746e+01
	1.000000e+14
	7.003342e+06
	3.791741e+07
	6.207850e+00
	-4.816060e+04
	-8.922766e-07
	1.462888e-02
	-3.265271e-07
	-1.412037e-05
	1.706727e-08
	-3.895504e-05
150	6.400000e-06
	4.500000e-07
	1.688154e+01
	1.000000e+14
	7.917237e+06
	3.630456e+07
	1.893016e+00
	-4.754279e+04
	-2.720316e-07
	1.462900e-02
	-3.034945e-07
	-1.611941e-05
	4.950972e-09
	-3.712495e-05
151	6.800000e-06
	4.500000e-07
	1.877088e+01
	1.000000e+14
	8.809907e+06
	3.468038e+07
	5.771966e-01
	-4.692439e+04
	-8.293298e-08
	1.462903e-02
	-2.773963e-07
	-1.806038e-05
	1.412637e-09
	-3.529315e-05
152	7.200000e-06
	4.500000e-07
	2.063549e+01
	1.000000e+14
	9.688080e+06
	3.304609e+07
	1.759823e-01
	-4.630581e+04
	-2.528219e-08
	1.462904e-02
	-2.518159e-07
	-1.996002e-05
	3.839269e-10
	-3.346081e-05
153	7.600000e-06
	4.500000e-07
	2.247535e+01
	1.000000e+14
	1.055668e+07
	3.140177e+07
	5.365182e-02
	-4.568718e+04
	-7.712485e-09
	1.462905e-02
	-2.279936e-07
	-2.183080e-05
	8.744435e-11
	-3.162827e-05
154	8.000000e-06
	4.500000e-07
	2.429046e+01
	1.000000e+14
	1.141927e+07
	2.974715e+07
	1.635420e-02
	-4.506853e+04
	-2.344566e-09
	1.462905e-02
	-2.062573e-07
	-2.368176e-05
	3.929720e-12
	-2.979563e-05
155	8.400000e-06
	4.500000e-07
	2.608083e+01
	1.000000e+14
	1.227840e+07
	2.808185e+07
	4.982723e-03
	-4.444988e+04
	-7.297721e-10
	1.462905e-02
	-1.865884e-07
	-2.551932e-05
	-1.794238e-11
	-2.796291e-05
156	8.800000e-06
	4.500000e-07
	2.784645e+01
	1.000000e+14
	1.313589e+07
	2.640542e+07
	1.515805e-03
	-4.383122e+04
	-2.131316e-10
	1.462905e-02
	-1.688453e-07
	-2.734805e-05
	-2.214817e-11
	-2.613012e-05
157	9.200000e-06
	4.500000e-07
	2.958733e+01
	1.000000e+14
	1.399308e+07
	2.471741e+07
	4.585067e-04
	-4.321257e+04
	-8.462784e-11
	1.462905e-02
	-1.528517e-07
	-2.917114e-05
	-2.141936e-11
	-2.429726e-05
158	9.600000e-06
	4.500000e-07
	3.130346e+01
	1.000000e+14
	1.485093e+07
	2.301730e+07
	1.345870e-04
	-4.259391e+04
	-8.869266e-12
	1.462905e-02
	-1.384307e-07
	-3.099083e-05
	-1.941932e-11
	-2.246434e-05
159	1.000000e-05
	4.500000e-07
	3.299484e+01
	1.000000e+14
	1.635574e+07
	2.130457e+07
	3.008576e-05
	-4.197526e+04
	-1.069830e-11
	1.462905e-02
	-1.172025e-07
	-3.280862e-05
	-1.719079e-11
	-2.063138e-05
160	1.100000e-05
	4.500000e-07
	3.711503e+01
	1.000000e+14
	1.851809e+07
	1.827535e+07
	1.940676e-07
	-4.042862e+04
	-8.580260e-13
	1.462905e-02
	-9.322564e-08
	-3.735250e-05
	-1.373130e-11
	-1.604885e-05
161	1.200000e-05
	4.500000e-07
	4.108056e+01
	1.000021e+14
	2.069859e+07
	1.387150e+07
	-1.857756e-06
	-3.888196e+04
	7.555356e-12
	1.462905e-02
	-7.420503e-08
	-4.190000e-05
	-9.712745e-12
	-1.146602e-05
162	1.300000e-05
	4.500000e-07
	4.489143e+01
	1.006775e+14
	2.290220e+07
	9.367688e+06
	-1.646046e-06
	-3.733006e+04
	1.494383e-11
	1.462905e-02
	-5.907227e-08
	-4.645286e-05
	-6.205964e-12
	-6.882694e-06
163	1.400000e-05
	4.500000e-07
	4.854658e+01
	1.995920e+14
	2.531096e+07
	4.751661e+06
	-1.266144e-06
	-3.500802e+04
	1.652263e-11
	1.462905e-02
	-4.661292e-08
	-5.101476e-05
	-3.034307e-12
	-2.295465e-06
164	1.500000e-05
	4.500000e-07
	5.189303e+01
	6.893605e+15
	4.793119e+15
	2.840055e+01
	-1.776012e-07
	-1.722106e+04
	-1.188787e-12
	7.289635e-03
	-1.412425e-07
	7.264930e-03
	-3.230292e-22
	-1.480064e-11
165	1.600000e-05
	4.500000e-07
	5.199079e+01
	2.151523e+17
	2.151250e+17
	4.238158e+01
	-1.764251e-09
	-7.658844e+02
	3.499233e-12
	-2.489273e-05
	-2.877724e-08
	1.456834e-02
	-3.283176e-23
	-2.217676e-12
166	1.700000e-05
	4.500000e-07
	5.204621e+01
	3.159147e+18
	3.159129e+18
	8.411968e+01
	-0.000000e+00
	-4.137333e+02
	4.873650e-12
	-3.081209e-09
	5.667263e-11
	1.455352e-02
	-1.031181e-24
	-8.471232e-13
167	1.800000e-05
	4.500000e-07
	5.207354e+01
	2.153466e+19
	2.153465e+19
	1.063321e+02
	-0.000000e+00
	-2.171189e+02
	-0.000000e+00
	-1.400696e-10
	-1.480722e-10
	1.455353e-02
	-1.031155e-26
	-1.229923e-13
168	1.900000e-05
	4.500000e-07
	5.208963e+01
	6.812157e+19
	6.812156e+19
	9.809552e+01
	-0.000000e+00
	-1.072354e+02
	-0.000000e+00
	-3.765411e-11
	-5.411625e-10
	1.455353e-02
	6.608136e-28
	-3.501951e-15
169	2.000000e-05
	4.500000e-07
	5.209498e+01
	1.000001e+20
	1.000001e+20
	9.521644e+01
	-0.000000e+00
	-5.351207e+01
	-0.000000e+00
	-2.225910e-11
	0.000000e+00
	1.455351e-02
	0.000000e+00
	-6.633103e-17
170	0.000000e+00
	5.000000e-07
	-4.369555e-01
	-4.523352e+17
	6.980368e+01
	4.484432e+17
	7.905495e+03
	0.000000e+00
	4.015294e-08
	0.000000e+00
	3.100846e-11
	0.000000e+00
	-6.407591e-05
	0.000000e+00
171	5.000000e-07
	5.000000e-07
	-4.332797e-01
	-3.644681e+17
	3.509342e+01
	3.603297e+17
	8.032053e+03
	-1.509928e+02
	1.468137e-07
	-1.735979e-08
	9.191640e-12
	-8.566005e-13
	-6.969773e-06
	4.966867e-04
172	1.000000e-06
	5.000000e-07
	-4.218562e-01
	-1.906416e+17
	2.901411e+01
	1.862215e+17
	8.305660e+03
	-3.386515e+02
	1.186744e-06
	-2.105005e-07
	8.375700e-12
	-8.123382e-13
	-3.221149e-05
	5.588333e-04
173	1.500000e-06
	5.000000e-07
	-3.994145e-01
	-6.469727e+16
	2.452854e+01
	6.235448e+16
	8.409220e+03
	-5.670297e+02
	8.051319e-06
	-3.544974e-06
	7.276668e-12
	-1.888292e-12
	-1.853576e-04
	6.599366e-04
174	2.000000e-06
	5.000000e-07
	-3.651533e-01
	-1.419264e+16
	1.459497e+01
	1.575850e+16
	8.119655e+03
	-1.040750e+03
	7.615202e-05
	-9.243378e-05
	4.769002e-12
	-3.129230e-12
	-8.432064e-04
	7.210983e-04
175	2.500000e-06
	5.000000e-07
	-2.953395e-01
	-1.946976e+15
	2.230717e+01
	1.047771e+15
	1.144875e+04
	-5.885929e+03
	-1.946297e-03
	1.344400e-03
	3.059446e-12
	-1.904504e-11
	-1.208438e-03
	3.524544e-04
176	3.000000e-06
	5.000000e-07
	2.234397e-01
	-9.035210e+13
	2.064485e+05
	2.506503e+07
	2.646665e+04
	-2.777584e+04
	-8.357807e-03
	8.714380e-03
	3.269014e-07
	-2.224859e-07
	1.905668e-05
	-2.304223e-05
177	3.500000e-06
	5.000000e-07
	2.482245e+00
	8.850664e+13
	8.420161e+05
	3.291655e+07
	9.185447e+03
	-4.806102e+04
	-1.549146e-03
	1.460542e-02
	1.127694e-06
	-1.134803e-06
	1.552400e-05
	-3.989594e-05
178	4.000000e-06
	5.000000e-07
	5.029541e+00
	9.954941e+13
	1.724511e+06
	4.303214e+07
	2.368718e+03
	-5.090039e+04
	-3.502206e-04
	1.463930e-02
	6.481732e-07
	-2.886989e-06
	6.692773e-06
	-4.637723e-05
179	4.400000e-06
	5.000000e-07
	7.064100e+00
	9.997526e+13
	2.691070e+06
	4.393946e+07
	7.279536e+02
	-5.058996e+04
	-1.050833e-04
	1.463035e-02
	1.385508e-07
	-4.782806e-06
	2.252093e-06
	-4.606068e-05
180	4.800000e-06
	5.000000e-07
	9.076738e+00
	9.999897e+13
	3.724890e+06
	4.267574e+07
	2.220861e+02
	-5.001134e+04
	-3.192846e-05
	1.462911e-02
	-1.437638e-07
	-6.946370e-06
	6.823834e-07
	-4.442806e-05
181	5.200000e-06
	5.000000e-07
	1.106501e+01
	9.999997e+13
	4.752030e+06
	4.112242e+07
	6.770201e+01
	-4.939809e+04
	-9.727578e-06
	1.462902e-02
	-2.629611e-07
	-9.173110e-06
	2.018530e-07
	-4.261944e-05
182	5.600000e-06
	5.000000e-07
	1.302859e+01
	1.000000e+14
	5.748199e+06
	3.952830e+07
	2.063969e+01
	-4.878027e+04
	-2.965403e-06
	1.462903e-02
	-2.991501e-07
	-1.135661e-05
	5.924195e-08
	-4.079019e-05
183	6.000000e-06
	5.000000e-07
	1.496743e+01
	1.000000e+14
	6.711773e+06
	3.792177e+07
	6.292596e+00
	-4.816177e+04
	-9.040987e-07
	1.462904e-02
	-2.988009e-07
	-1.346878e-05
	1.730267e-08
	-3.895830e-05
184	6.400000e-06
	5.000000e-07
	1.688153e+01
	1.000000e+14
	7.648084e+06
	3.630591e+07
	1.918521e+00
	-4.754315e+04
	-2.756468e-07
	1.462905e-02
	-2.838475e-07
	-1.551362e-05
	5.018930e-09
	-3.712598e-05
185	6.800000e-06
	5.000000e-07
	1.877088e+01
	1.000000e+14
	8.563457e+06
	3.468084e+07
	5.849313e-01
	-4.692450e+04
	-8.403102e-08
	1.462905e-02
	-2.637904e-07
	-1.750367e-05
	1.432439e-09
	-3.529351e-05
186	7.200000e-06
	5.000000e-07
	2.063549e+01
	1.000000e+14
	9.463429e+06
	3.304629e+07
	1.783352e-01
	-4.630585e+04
	-2.562349e-08
	1.462905e-02
	-2.426066e-07
	-1.945167e-05
	3.896878e-10
	-3.346098e-05
187	7.600000e-06
	5.000000e-07
	2.247535e+01
	1.000000e+14
	1.035241e+07
	3.140189e+07
	5.436854e-02
	-4.568719e+04
	-7.807813e-09
	1.462905e-02
	-2.219362e-07
	-2.136826e-05
	8.906483e-11
	-3.162837e-05
188	8.000000e-06
	5.000000e-07
	2.429046e+01
	1.000000e+14
	1.123376e+07
	2.974724e+07
	1.657261e-02
	-4.506853e+04
	-2.380780e-09
	1.462905e-02
	-2.024345e-07
	-2.326171e-05
	4.307717e-12
	-2.979571e-05
189	8.400000e-06
	5.000000e-07
	2.608083e+01
	1.000000e+14
	1.211005e+07
	2.808192e+07
	5.049279e-03
	-4.444988e+04
	-7.324423e-10
	1.462905e-02
	-1.843335e-07
	-2.513826e-05
	-1.794837e-11
	-2.796297e-05
190	8.800000e-06
	5.000000e-07
	2.784645e+01
	1.000000e+14
	1.298316e+07
	2.640548e+07
	1.536066e-03
	-4.383122e+04
	-2.362530e-10
	1.462905e-02
	-1.676778e-07
	-2.700253e-05
	-2.227710e-11
	-2.613018e-05
191	9.200000e-06
	5.000000e-07
	2.958733e+01
	1.000000e+14
	1.385454e+07
	2.471746e+07
	4.646457e-04
	-4.321257e+04
	-7.999120e-11
	1.462905e-02
	-1.524270e-07
	-2.885792e-05
	-2.158731e-11
	-2.429732e-05
192	9.600000e-06
	5.000000e-07
	3.130346e+01
	1.000000e+14
	1.472524e+07
	2.301734e+07
	1.363960e-04
	-4.259391e+04
	-2.585991e-11
	1.462905e-02
	-1.385036e-07
	-3.070692e-05
	-1.959644e-11
	-2.246439e-05
193	1.000000e-05
	5.000000e-07
	3.299484e+01
	1.000000e+14
	1.624913e+07
	2.130461e+07
	3.049566e-05
	-4.197526e+04
	-6.653051e-12
	1.462905e-02
	-1.177116e-07
	-3.255045e-05
	-1.736493e-11
	-2.063142e-05
194	1.100000e-05
	5.000000e-07
	3.711503e+01
	1.000000e+14
	1.843315e+07
	1.827538e+07
	2.005365e-07
	-4.042862e+04
	1.796418e-11
	1.462905e-02
	-9.393600e-08
	-3.714729e-05
	-1.388369e-11
	-1.604888e-05
195	1.200000e-05
	5.000000e-07
	4.108056e+01
	1.000021e+14
	2.063091e+07
	1.387152e+07
	-1.880691e-06
	-3.888196e+04
	-1.451316e-13
	1.462905e-02
	-7.492565e-08
	-4.173690e-05
	-9.826967e-12
	-1.146603e-05
196	1.300000e-05
	5.000000e-07
	4.489143e+01
	1.006775e+14
	2.284826e+07
	9.367703e+06
	-1.666629e-06
	-3.733006e+04
	1.019656e-11
	1.462905e-02
	-5.972460e-08
	-4.632326e-05
	-6.281414e-12
	-6.882705e-06
197	1.400000e-05
	5.000000e-07
	4.854658e+01
	1.995920e+14
	2.526758e+07
	4.751668e+06
	-1.282610e-06
	-3.500802e+04
	6.536440e-13
	1.462905e-02
	-4.716688e-08
	-5.091171e-05
	-3.071846e-12
	-2.295468e-06
198	1.500000e-05
	5.000000e-07
	5.189303e+01
	6.893605e+15
	4.793119e+15
	2.840055e+01
	-1.799536e-07
	-1.722106e+04
	-4.717646e-12
	7.289635e-03
	-1.431067e-07
	7.264986e-03
	-3.273283e-22
	-1.480064e-11
199	1.600000e-05
	5.000000e-07
	5.199079e+01
	2.151523e+17
	2.151250e+17
	4.238158e+01
	-1.764251e-09
	-7.658844e+02
	-3.811243e-12
	-2.489273e-05
	-2.877186e-08
	1.456835e-02
	-3.269197e-23
	-2.217676e-12
200	1.700000e-05
	5.000000e-07
	5.204621e+01
	3.159147e+18
	3.159129e+18
	8.411968e+01
	-0.000000e+00
	-4.137333e+02
	2.436825e-12
	-3.081262e-09
	5.667263e-11
	1.455352e-02
	-9.245720e-25
	-8.471232e-13
201	1.800000e-05
	5.000000e-07
	5.207354e+01
	2.153466e+19
	2.153465e+19
	1.063321e+02
	-0.000000e+00
	-2.171189e+02
	-0.000000e+00
	-1.401915e-10
	-1.480722e-10
	1.455353e-02
	-9.624117e-27
	-1.229923e-13
202	1.900000e-05
	5.000000e-07
	5.208963e+01
	6.812157e+19
	6.812156e+19
	9.809552e+01
	-0.000000e+00
	-1.072354e+02
	-4.873650e-12
	-3.765411e-11
	0.000000e+00
	1.455353e-02
	3.304068e-27
	-3.501951e-15
203	2.000000e-05
	5.000000e-07
	5.209498e+01
	1.000001e+20
	1.000001e+20
	9.521644e+01
	-0.000000e+00
	-5.351207e+01
	-0.000000e+00
	-2.225910e-11
	0.000000e+00
	1.455351e-02
	0.000000e+00
	-6.633103e-17
204	0.000000e+00
	5.500000e-07
	-4.689952e-01
	-3.158947e+18
	1.820081e+02
	3.156993e+18
	5.659315e+03
	0.000000e+00
	4.339163e-09
	0.000000e+00
	3.096235e-11
	0.000000e+00
	-3.047429e-04
	0.000000e+00
205	5.000000e-07
	5.500000e-07
	-4.654778e-01
	-2.545431e+18
	5.772053e+01
	2.543439e+18
	5.676355e+03
	-1.410106e+02
	1.668402e-08
	-4.015587e-09
	8.712434e-12
	-1.088887e-12
	-2.346097e-05
	2.076650e-03
206	1.000000e-06
	5.500000e-07
	-4.548942e-01
	-1.331719e+18
	4.067303e+01
	1.329526e+18
	5.767242e+03
	-2.848747e+02
	1.649561e-07
	-4.130341e-08
	8.157267e-12
	-5.280846e-13
	-6.348425e-05
	2.503513e-03
207	1.500000e-06
	5.500000e-07
	-4.369904e-01
	-4.523352e+17
	2.104418e+01
	4.490481e+17
	6.254318e+03
	-4.593762e+02
	2.001300e-06
	-5.719279e-07
	7.185305e-12
	-7.886565e-13
	-2.134302e-04
	3.051738e-03
208	2.000000e-06
	5.500000e-07
	-4.089566e-01
	-9.969579e+16
	6.727051e+00
	9.555704e+16
	7.188208e+03
	-8.390076e+02
	3.515364e-05
	-1.430113e-04
	4.555154e-12
	-9.795836e-13
	-8.170266e-04
	3.078299e-03
209	2.500000e-06
	5.500000e-07
	-3.530896e-01
	-1.419264e+16
	3.593454e+00
	9.884366e+15
	1.026399e+04
	-4.915375e+03
	8.011440e-04
	8.942854e-04
	1.889659e-12
	-2.906310e-12
	-3.720214e-03
	1.415870e-03
210	3.000000e-06
	5.500000e-07
	8.258097e-02
	-1.229099e+15
	1.136112e+05
	4.971448e+08
	2.961295e+04
	-2.787793e+04
	-9.603905e-03
	8.687112e-03
	1.322172e-07
	-1.226041e-07
	2.159241e-05
	-2.397994e-05
211	3.500000e-06
	5.500000e-07
	2.434704e+00
	1.974970e+13
	7.420104e+05
	3.468139e+07
	9.746498e+03
	-4.934947e+04
	-1.526946e-03
	1.503508e-02
	1.035717e-06
	-9.269868e-07
	1.692427e-05
	-4.192410e-05
212	4.000000e-06
	5.500000e-07
	5.017528e+00
	9.685384e+13
	1.557903e+06
	4.458839e+07
	2.407675e+03
	-5.133218e+04
	-3.432780e-04
	1.470978e-02
	6.235580e-07
	-2.590767e-06
	6.960589e-06
	-4.754185e-05
213	4.400000e-06
	5.500000e-07
	7.060438e+00
	9.982725e+13
	2.466320e+06
	4.448615e+07
	7.276428e+02
	-5.072621e+04
	-1.034582e-04
	1.465019e-02
	1.631305e-07
	-4.359300e-06
	2.269236e-06
	-4.647347e-05
214	4.800000e-06
	5.500000e-07
	9.075625e+00
	9.999281e+13
	3.463232e+06
	4.284287e+07
	2.204878e+02
	-5.005287e+04
	-3.150771e-05
	1.463506e-02
	-9.838750e-08
	-6.419935e-06
	6.791482e-07
	-4.455284e-05
215	5.200000e-06
	5.500000e-07
	1.106467e+01
	9.999977e+13
	4.476127e+06
	4.117190e+07
	6.703621e+01
	-4.941072e+04
	-9.608621e-06
	1.463083e-02
	-2.166317e-07
	-8.591470e-06
	2.000129e-07
	-4.265627e-05
216	5.600000e-06
	5.500000e-07
	1.302848e+01
	9.999999e+13
	5.473793e+06
	3.954292e+07
	2.041522e+01
	-4.878411e+04
	-2.930269e-06
	1.462959e-02
	-2.593879e-07
	-1.076143e-05
	5.861110e-08
	-4.080106e-05
217	6.000000e-06
	5.500000e-07
	1.496740e+01
	1.000000e+14
	6.447955e+06
	3.792614e+07
	6.221514e+00
	-4.816294e+04
	-8.935272e-07
	1.462921e-02
	-2.669510e-07
	-1.288698e-05
	1.710960e-08
	-3.896156e-05
218	6.400000e-06
	5.500000e-07
	1.688152e+01
	1.000000e+14
	7.399495e+06
	3.630726e+07
	1.896519e+00
	-4.754350e+04
	-2.724440e-07
	1.462910e-02
	-2.590774e-07
	-1.496003e-05
	4.962560e-09
	-3.712700e-05
219	6.800000e-06
	5.500000e-07
	1.877088e+01
	1.000000e+14
	8.332088e+06
	3.468131e+07
	5.781818e-01
	-4.692461e+04
	-8.306594e-08
	1.462906e-02
	-2.447580e-07
	-1.698544e-05
	1.416738e-09
	-3.529388e-05
220	7.200000e-06
	5.500000e-07
	2.063549e+01
	1.000000e+14
	9.249762e+06
	3.304649e+07
	1.762723e-01
	-4.630588e+04
	-2.533221e-08
	1.462905e-02
	-2.280327e-07
	-1.897145e-05
	3.857799e-10
	-3.346115e-05
221	7.600000e-06
	5.500000e-07
	2.247535e+01
	1.000000e+14
	1.015609e+07
	3.140200e+07
	5.373900e-02
	-4.568720e+04
	-7.719517e-09
	1.462905e-02
	-2.107585e-07
	-2.092614e-05
	8.846829e-11
	-3.162848e-05
222	8.000000e-06
	5.500000e-07
	2.429046e+01
	1.000000e+14
	1.105400e+07
	2.974732e+07
	1.638066e-02
	-4.506854e+04
	-2.362091e-09
	1.462905e-02
	-1.938196e-07
	-2.285643e-05
	4.572073e-12
	-2.979579e-05
223	8.400000e-06
	5.500000e-07
	2.608083e+01
	1.000000e+14
	1.194583e+07
	2.808199e+07
	4.990805e-03
	-4.444988e+04
	-7.078249e-10
	1.462905e-02
	-1.776448e-07
	-2.476783e-05
	-1.751415e-11
	-2.796304e-05
224	8.800000e-06
	5.500000e-07
	2.784645e+01
	1.000000e+14
	1.283339e+07
	2.640555e+07
	1.518290e-03
	-4.383122e+04
	-2.103453e-10
	1.462905e-02
	-1.624362e-07
	-2.666464e-05
	-2.185699e-11
	-2.613024e-05
225	9.200000e-06
	5.500000e-07
	2.958733e+01
	1.000000e+14
	1.371810e+07
	2.471751e+07
	4.592794e-04
	-4.321257e+04
	-6.293042e-11
	1.462905e-02
	-1.482751e-07
	-2.855017e-05
	-2.122229e-11
	-2.429737e-05
226	9.600000e-06
	5.500000e-07
	3.130346e+01
	1.000000e+14
	1.460106e+07
	2.301739e+07
	1.348281e-04
	-4.259391e+04
	-1.628737e-11
	1.462905e-02
	-1.351757e-07
	-3.042690e-05
	-1.928926e-11
	-2.246443e-05
227	1.000000e-05
	5.500000e-07
	3.299484e+01
	1.000000e+14
	1.614339e+07
	2.130465e+07
	3.014987e-05
	-4.197526e+04
	-2.763806e-12
	1.462905e-02
	-1.153199e-07
	-3.229512e-05
	-1.710965e-11
	-2.063146e-05
228	1.100000e-05
	5.500000e-07
	3.711503e+01
	1.000000e+14
	1.834863e+07
	1.827542e+07
	2.017126e-07
	-4.042862e+04
	-1.530422e-12
	1.462905e-02
	-9.232607e-08
	-3.694346e-05
	-1.369257e-11
	-1.604891e-05
229	1.200000e-05
	5.500000e-07
	4.108056e+01
	1.000021e+14
	2.056343e+07
	1.387154e+07
	-1.856580e-06
	-3.888196e+04
	-6.032813e-12
	1.462905e-02
	-7.379344e-08
	-4.157446e-05
	-9.697975e-12
	-1.146605e-05
230	1.300000e-05
	5.500000e-07
	4.489143e+01
	1.006775e+14
	2.279441e+07
	9.367718e+06
	-1.646046e-06
	-3.733006e+04
	1.714665e-11
	1.462905e-02
	-5.889914e-08
	-4.619396e-05
	-6.201378e-12
	-6.882716e-06
231	1.400000e-05
	5.500000e-07
	4.854658e+01
	1.995920e+14
	2.522423e+07
	4.751675e+06
	-1.266732e-06
	-3.500802e+04
	-2.649307e-11
	1.462905e-02
	-4.655341e-08
	-5.080878e-05
	-3.033340e-12
	-2.295472e-06
232	1.500000e-05
	5.500000e-07
	5.189303e+01
	6.893605e+15
	4.793119e+15
	2.840055e+01
	-1.781893e-07
	-1.722106e+04
	2.196105e-11
	7.289635e-03
	-1.416936e-07
	7.265042e-03
	-3.243012e-22
	-1.480064e-11
233	1.600000e-05
	5.500000e-07
	5.199079e+01
	2.151523e+17
	2.151250e+17
	4.238158e+01
	-2.352334e-09
	-7.658844e+02
	5.029655e-12
	-2.489273e-05
	-3.842883e-08
	1.456837e-02
	-3.365990e-23
	-2.217676e-12
234	1.700000e-05
	5.500000e-07
	5.204621e+01
	3.159147e+18
	3.159129e+18
	8.411968e+01
	-0.000000e+00
	-4.137333e+02
	2.074264e-11
	-3.081018e-09
	0.000000e+00
	1.455352e-02
	-7.868297e-25
	-8.471232e-13
235	1.800000e-05
	5.500000e-07
	5.207354e+01
	2.153466e+19
	2.153465e+19
	1.063321e+02
	-0.000000e+00
	-2.171189e+02
	-0.000000e+00
	-1.404352e-10
	1.480722e-10
	1.455353e-02
	-1.168643e-26
	-1.229923e-13
236	1.900000e-05
	5.500000e-07
	5.208963e+01
	6.812157e+19
	6.812156e+19
	9.809552e+01
	-0.000000e+00
	-1.072354e+02
	-7.310476e-12
	-3.765410e-11
	5.411625e-10
	1.455353e-02
	1.321627e-27
	-3.501951e-15
237	2.000000e-05
	5.500000e-07
	5.209498e+01
	1.000001e+20
	1.000001e+20
	9.521644e+01
	-0.000000e+00
	-5.351207e+01
	-0.000000e+00
	-2.177171e-11
	0.000000e+00
	1.455351e-02
	0.000000e+00
	-6.633103e-17
238	0.000000e+00
	6.000000e-07
	-4.935487e-01
	-1.432179e+19
	3.813343e+02
	1.432179e+19
	4.206034e+03
	-7.010881e+01
	9.613420e-10
	-3.116034e-10
	1.901069e-11
	-2.531969e-12
	-3.067126e-04
	6.432979e-03
239	5.000000e-07
	6.000000e-07
	-4.900432e-01
	-1.154035e+19
	1.054349e+02
	1.153850e+19
	4.207880e+03
	-1.402001e+02
	4.274503e-09
	-1.298098e-09
	7.559017e-12
	-1.457805e-12
	-4.844215e-05
	6.542777e-03
240	1.000000e-06
	6.000000e-07
	-4.795286e-01
	-6.037848e+18
	7.962526e+01
	6.035994e+18
	4.217375e+03
	-2.808552e+02
	4.035127e-08
	-1.203887e-08
	7.504318e-12
	-4.913021e-13
	-1.307322e-04
	7.039449e-03
241	1.500000e-06
	6.000000e-07
	-4.619577e-01
	-2.051065e+18
	4.356304e+01
	2.049153e+18
	4.261477e+03
	-4.249331e+02
	4.299642e-07
	-4.610537e-08
	6.852037e-12
	-6.747714e-13
	-3.246238e-04
	8.291312e-03
242	2.000000e-06
	6.000000e-07
	-4.370353e-01
	-4.523352e+17
	1.215237e+01
	4.498291e+17
	4.660849e+03
	-6.397829e+02
	7.102117e-06
	-1.251951e-05
	4.382335e-12
	-7.036239e-13
	-7.558990e-04
	8.981147e-03
243	2.500000e-06
	6.000000e-07
	-3.979794e-01
	-6.469727e+16
	2.021597e+00
	5.898873e+16
	7.056926e+03
	-3.643455e+03
	1.674046e-03
	3.804937e-04
	1.730731e-12
	-1.178142e-12
	-4.368796e-03
	4.398768e-03
244	3.000000e-06
	6.000000e-07
	-7.268984e-02
	-5.925617e+15
	1.479399e+04
	1.921774e+11
	3.089522e+04
	-2.782759e+04
	-1.103405e-02
	8.481571e-03
	1.857001e-08
	-1.596247e-08
	2.357427e-05
	-2.398121e-05
245	3.500000e-06
	6.000000e-07
	2.384780e+00
	-2.638236e+14
	6.616358e+05
	3.744817e+07
	1.004604e+04
	-5.078154e+04
	-1.435814e-03
	1.553148e-02
	9.443383e-07
	-7.335046e-07
	1.824770e-05
	-4.468680e-05
246	4.000000e-06
	6.000000e-07
	5.005465e+00
	8.573654e+13
	1.427060e+06
	4.646024e+07
	2.383082e+03
	-5.178607e+04
	-3.265143e-04
	1.477782e-02
	5.848434e-07
	-2.356299e-06
	7.077215e-06
	-4.888217e-05
247	4.400000e-06
	6.000000e-07
	7.056823e+00
	9.921684e+13
	2.289349e+06
	4.505920e+07
	7.087124e+02
	-5.086336e+04
	-9.921014e-05
	1.466932e-02
	1.735861e-07
	-4.026211e-06
	2.229480e-06
	-4.690102e-05
248	4.800000e-06
	6.000000e-07
	9.074533e+00
	9.996738e+13
	3.251039e+06
	4.300992e+07
	2.133507e+02
	-5.009392e+04
	-3.030491e-05
	1.464084e-02
	-6.276170e-08
	-5.998757e-06
	6.588948e-07
	-4.467709e-05
249	5.200000e-06
	6.000000e-07
	1.106434e+01
	9.999897e+13
	4.244881e+06
	4.122059e+07
	6.470081e+01
	-4.942310e+04
	-9.251837e-06
	1.463259e-02
	-1.747822e-07
	-8.111677e-06
	1.931936e-07
	-4.269246e-05
250	5.600000e-06
	6.000000e-07
	1.302838e+01
	9.999998e+13
	5.236968e+06
	3.955722e+07
	1.968406e+01
	-4.878787e+04
	-2.822606e-06
	1.463012e-02
	-2.201462e-07
	-1.025521e-05
	5.652557e-08
	-4.081170e-05
251	6.000000e-06
	6.000000e-07
	1.496737e+01
	1.000000e+14
	6.214658e+06
	3.793040e+07
	5.996233e+00
	-4.816408e+04
	-8.608325e-07
	1.462938e-02
	-2.331593e-07
	-1.237879e-05
	1.649232e-08
	-3.896475e-05
252	6.400000e-06
	6.000000e-07
	1.688151e+01
	1.000000e+14
	7.175274e+06
	3.630858e+07
	1.827538e+00
	-4.754385e+04
	-2.624913e-07
	1.462915e-02
	-2.309897e-07
	-1.446575e-05
	4.783138e-09
	-3.712800e-05
253	6.800000e-06
	6.000000e-07
	1.877087e+01
	1.000000e+14
	8.120047e+06
	3.468176e+07
	5.571133e-01
	-4.692471e+04
	-8.002664e-08
	1.462908e-02
	-2.217226e-07
	-1.651440e-05
	1.365865e-09
	-3.529424e-05
254	7.200000e-06
	6.000000e-07
	2.063549e+01
	1.000000e+14
	9.051425e+06
	3.304668e+07
	1.698443e-01
	-4.630591e+04
	-2.440684e-08
	1.462906e-02
	-2.091883e-07
	-1.852862e-05
	3.722596e-10
	-3.346131e-05
255	7.600000e-06
	6.000000e-07
	2.247535e+01
	1.000000e+14
	9.971984e+06
	3.140211e+07
	5.177874e-02
	-4.568721e+04
	-7.427855e-09
	1.462905e-02
	-1.952905e-07
	-2.051373e-05
	8.564033e-11
	-3.162858e-05
256	8.000000e-06
	6.000000e-07
	2.429046e+01
	1.000000e+14
	1.088404e+07
	2.974740e+07
	1.578309e-02
	-4.506854e+04
	-2.268118e-09
	1.462905e-02
	-1.810374e-07
	-2.247487e-05
	4.694985e-12
	-2.979586e-05
257	8.400000e-06
	6.000000e-07
	2.608083e+01
	1.000000e+14
	1.178955e+07
	2.808206e+07
	4.808747e-03
	-4.444988e+04
	-6.846280e-10
	1.462905e-02
	-1.669914e-07
	-2.441650e-05
	-1.666589e-11
	-2.796311e-05
258	8.800000e-06
	6.000000e-07
	2.784645e+01
	1.000000e+14
	1.269012e+07
	2.640561e+07
	1.462917e-03
	-4.383122e+04
	-1.938079e-10
	1.462905e-02
	-1.534729e-07
	-2.634228e-05
	-2.090934e-11
	-2.613029e-05
259	9.200000e-06
	6.000000e-07
	2.958733e+01
	1.000000e+14
	1.358704e+07
	2.471757e+07
	4.425389e-04
	-4.321257e+04
	-5.023521e-11
	1.462905e-02
	-1.406610e-07
	-2.825517e-05
	-2.034126e-11
	-2.429742e-05
260	9.600000e-06
	6.000000e-07
	3.130346e+01
	1.000000e+14
	1.448138e+07
	2.301744e+07
	1.299211e-04
	-4.259391e+04
	-9.772932e-12
	1.462905e-02
	-1.286474e-07
	-3.015749e-05
	-1.851095e-11
	-2.246448e-05
261	1.000000e-05
	6.000000e-07
	3.299484e+01
	1.000000e+14
	1.604109e+07
	2.130469e+07
	2.905714e-05
	-4.197526e+04
	-3.750411e-12
	1.462905e-02
	-1.101574e-07
	-3.204881e-05
	-1.643501e-11
	-2.063149e-05
262	1.100000e-05
	6.000000e-07
	3.711503e+01
	1.000000e+14
	1.826659e+07
	1.827545e+07
	1.978449e-07
	-4.042862e+04
	-1.211116e-11
	1.462905e-02
	-8.847183e-08
	-3.674599e-05
	-1.316476e-11
	-1.604894e-05
263	1.200000e-05
	6.000000e-07
	4.108056e+01
	1.000021e+14
	2.049779e+07
	1.387157e+07
	-1.786722e-06
	-3.888196e+04
	-8.166232e-12
	1.462905e-02
	-7.085477e-08
	-4.141665e-05
	-9.330017e-12
	-1.146607e-05
264	1.300000e-05
	6.000000e-07
	4.489143e+01
	1.006775e+14
	2.274197e+07
	9.367733e+06
	-1.585258e-06
	-3.733006e+04
	1.021381e-11
	1.462905e-02
	-5.662560e-08
	-4.606812e-05
	-5.968344e-12
	-6.882726e-06
265	1.400000e-05
	6.000000e-07
	4.854658e+01
	1.995920e+14
	2.518198e+07
	4.751683e+06
	-1.219504e-06
	-3.500802e+04
	-1.470996e-11
	1.462905e-02
	-4.479235e-08
	-5.070850e-05
	-2.919946e-12
	-2.295475e-06
266	1.500000e-05
	6.000000e-07
	5.189303e+01
	6.893605e+15
	4.793119e+15
	2.840055e+01
	-1.714603e-07
	-1.722106e+04
	3.151354e-11
	7.289635e-03
	-1.363397e-07
	7.265096e-03
	-3.120450e-22
	-1.480064e-11
267	1.600000e-05
	6.000000e-07
	5.199079e+01
	2.151523e+17
	2.151250e+17
	4.238158e+01
	-2.295788e-09
	-7.658844e+02
	-6.376132e-13
	-2.489273e-05
	-3.750772e-08
	1.456838e-02
	-3.284658e-23
	-2.217676e-12
268	1.700000e-05
	6.000000e-07
	5.204621e+01
	3.159147e+18
	3.159129e+18
	8.411968e+01
	-0.000000e+00
	-4.137333e+02
	2.552940e-11
	-3.081514e-09
	-4.849869e-11
	1.455353e-02
	-6.676295e-25
	-8.471232e-13
269	1.800000e-05
	6.000000e-07
	5.207354e+01
	2.153466e+19
	2.153465e+19
	1.063321e+02
	-0.000000e+00
	-2.171189e+02
	-0.000000e+00
	-1.415941e-10
	0.000000e+00
	1.455353e-02
	-1.492531e-26
	-1.229923e-13
270	1.900000e-05
	6.000000e-07
	5.208963e+01
	6.812157e+19
	6.812156e+19
	9.809552e+01
	-0.000000e+00
	-1.072354e+02
	-2.999169e-12
	-3.765410e-11
	6.660461e-10
	1.455353e-02
	-2.262016e-27
	-3.501951e-15
271	2.000000e-05
	6.000000e-07
	5.209498e+01
	1.000001e+20
	1.000001e+20
	9.521644e+01
	-0.000000e+00
	-5.351207e+01
	-0.000000e+00
	-2.152803e-11
	0.000000e+00
	1.455351e-02
	0.000000e+00
	-6.633103e-17
272	0.000000e+00
	6.800000e-07
	-5.181774e-01
	-6.549301e+19
	2.596592e+02
	6.549301e+19
	1.967576e+03
	-6.995258e+01
	-0.000000e+00
	-6.642096e-11
	4.301372e-26
	-7.631321e-13
	4.663934e-08
	2.782845e-02
273	5.000000e-07
	6.800000e-07
	-5.146798e-01
	-5.277364e+19
	1.741130e+02
	5.277183e+19
	1.968153e+03
	-1.399158e+02
	1.021165e-09
	-6.176788e-11
	4.549778e-12
	-5.626645e-13
	-7.342078e-05
	2.787504e-02
274	1.000000e-06
	6.800000e-07
	-5.041858e-01
	-2.761106e+19
	1.562086e+02
	2.760924e+19
	1.969656e+03
	-2.799968e+02
	1.023783e-08
	1.587380e-09
	5.293486e-12
	-5.537513e-13
	-2.253313e-04
	2.812625e-02
275	1.500000e-06
	6.800000e-07
	-4.866801e-01
	-9.379751e+18
	1.078568e+02
	9.377929e+18
	1.974355e+03
	-4.208647e+02
	1.127610e-07
	7.663627e-08
	5.530308e-12
	-9.411585e-13
	-5.755386e-04
	2.903601e-02
276	2.000000e-06
	6.800000e-07
	-4.620994e-01
	-2.068858e+18
	3.687195e+01
	2.067004e+18
	1.998129e+03
	-5.683449e+02
	9.772511e-07
	1.533726e-06
	3.785505e-12
	-1.048603e-12
	-8.013662e-04
	3.023284e-02
277	2.500000e-06
	6.800000e-07
	-4.298456e-01
	-2.962139e+17
	4.882238e+00
	2.935246e+17
	2.447135e+03
	-1.442823e+03
	8.906499e-05
	-6.007592e-04
	1.553422e-12
	-1.021366e-12
	-1.072259e-03
	2.051603e-02
278	3.000000e-06
	6.800000e-07
	-3.178171e-01
	-2.745477e+16
	3.196504e+00
	2.554349e+15
	1.925118e+04
	-2.733473e+04
	-4.736570e-03
	8.360904e-03
	2.327144e-12
	-3.990807e-12
	-6.320610e-03
	5.129179e-03
279	3.500000e-06
	6.800000e-07
	2.303628e+00
	-1.563743e+15
	5.805192e+05
	4.587281e+07
	9.275283e+03
	-5.304596e+04
	-1.102361e-03
	1.648787e-02
	7.859451e-07
	-6.299993e-07
	1.985053e-05
	-5.170055e-05
280	4.000000e-06
	6.800000e-07
	4.986779e+00
	3.477410e+13
	1.273135e+06
	5.021103e+07
	2.175071e+03
	-5.252463e+04
	-2.812284e-04
	1.487441e-02
	4.991833e-07
	-2.093487e-06
	6.838308e-06
	-5.141809e-05
281	4.400000e-06
	6.800000e-07
	7.051335e+00
	9.641865e+13
	2.082289e+06
	4.600058e+07
	6.381171e+02
	-5.107638e+04
	-8.738336e-05
	1.469734e-02
	1.688031e-07
	-3.635623e-06
	2.039920e-06
	-4.759268e-05
282	4.800000e-06
	6.800000e-07
	9.072890e+00
	9.985084e+13
	2.997643e+06
	4.326772e+07
	1.906903e+02
	-5.015630e+04
	-2.685286e-05
	1.464943e-02
	-2.340433e-08
	-5.500445e-06
	5.916050e-07
	-4.486791e-05
283	5.200000e-06
	6.800000e-07
	1.106384e+01
	9.999529e+13
	3.959114e+06
	4.129424e+07
	5.763774e+01
	-4.944176e+04
	-8.213353e-06
	1.463523e-02
	-1.189145e-07
	-7.528321e-06
	1.723265e-07
	-4.274712e-05
284	5.600000e-06
	6.800000e-07
	1.302823e+01
	9.999989e+13
	4.933977e+06
	3.957871e+07
	1.751059e+01
	-4.879351e+04
	-2.507417e-06
	1.463093e-02
	-1.622401e-07
	-9.618459e-06
	5.030386e-08
	-4.082767e-05
285	6.000000e-06
	6.800000e-07
	1.496732e+01
	1.000000e+14
	5.906955e+06
	3.793678e+07
	5.331004e+00
	-4.816580e+04
	-7.648895e-07
	1.462962e-02
	-1.792893e-07
	-1.171866e-05
	1.466565e-08
	-3.896951e-05
286	6.400000e-06
	6.800000e-07
	1.688149e+01
	1.000000e+14
	6.871961e+06
	3.631055e+07
	1.624392e+00
	-4.754437e+04
	-2.332571e-07
	1.462922e-02
	-1.830773e-07
	-1.380563e-05
	4.252807e-09
	-3.712950e-05
287	6.800000e-06
	6.800000e-07
	1.877087e+01
	1.000000e+14
	7.827249e+06
	3.468243e+07
	4.951353e-01
	-4.692487e+04
	-7.112499e-08
	1.462910e-02
	-1.799014e-07
	-1.587076e-05
	1.214859e-09
	-3.529477e-05
288	7.200000e-06
	6.800000e-07
	2.063548e+01
	1.000000e+14
	8.772983e+06
	3.304696e+07
	1.509431e-01
	-4.630596e+04
	-2.167845e-08
	1.462906e-02
	-1.729185e-07
	-1.791222e-05
	3.315246e-10
	-3.346155e-05
289	7.600000e-06
	6.800000e-07
	2.247535e+01
	1.000000e+14
	9.710080e+06
	3.140228e+07
	4.601578e-02
	-4.568723e+04
	-6.611736e-09
	1.462905e-02
	-1.638438e-07
	-1.993104e-05
	7.661578e-11
	-3.162873e-05
290	8.000000e-06
	6.800000e-07
	2.429046e+01
	1.000000e+14
	1.063969e+07
	2.974753e+07
	1.402637e-02
	-4.506855e+04
	-2.016303e-09
	1.462905e-02
	-1.536944e-07
	-2.192930e-05
	4.542325e-12
	-2.979598e-05
291	8.400000e-06
	6.800000e-07
	2.608083e+01
	1.000000e+14
	1.156298e+07
	2.808216e+07
	4.273526e-03
	-4.444988e+04
	-6.102562e-10
	1.462905e-02
	-1.431131e-07
	-2.390935e-05
	-1.454262e-11
	-2.796321e-05
292	8.800000e-06
	6.800000e-07
	2.784645e+01
	1.000000e+14
	1.248100e+07
	2.640569e+07
	1.300108e-03
	-4.383122e+04
	-1.865258e-10
	1.462905e-02
	-1.325183e-07
	-2.587343e-05
	-1.838887e-11
	-2.613038e-05
293	9.200000e-06
	6.800000e-07
	2.958733e+01
	1.000000e+14
	1.339474e+07
	2.471764e+07
	3.933003e-04
	-4.321257e+04
	-6.427425e-11
	1.462905e-02
	-1.221822e-07
	-2.782353e-05
	-1.793957e-11
	-2.429749e-05
294	9.600000e-06
	6.800000e-07
	3.130346e+01
	1.000000e+14
	1.430503e+07
	2.301751e+07
	1.154746e-04
	-4.259391e+04
	-2.324451e-11
	1.462905e-02
	-1.122773e-07
	-2.976139e-05
	-1.635427e-11
	-2.246454e-05
295	1.000000e-05
	6.800000e-07
	3.299484e+01
	1.000000e+14
	1.588963e+07
	2.130475e+07
	2.583267e-05
	-4.197526e+04
	-6.671665e-12
	1.462905e-02
	-9.666518e-08
	-3.168541e-05
	-1.454046e-11
	-2.063155e-05
296	1.100000e-05
	6.800000e-07
	3.711503e+01
	1.000000e+14
	1.814463e+07
	1.827550e+07
	1.804681e-07
	-4.042862e+04
	1.425513e-12
	1.462905e-02
	-7.799649e-08
	-3.645306e-05
	-1.166283e-11
	-1.604898e-05
297	1.200000e-05
	6.800000e-07
	4.108056e+01
	1.000021e+14
	2.039995e+07
	1.387160e+07
	-1.585988e-06
	-3.888196e+04
	3.491590e-12
	1.462905e-02
	-6.264912e-08
	-4.118174e-05
	-8.273179e-12
	-1.146610e-05
298	1.300000e-05
	6.800000e-07
	4.489143e+01
	1.006775e+14
	2.266366e+07
	9.367755e+06
	-1.407725e-06
	-3.733006e+04
	-8.808554e-12
	1.462905e-02
	-5.016113e-08
	-4.588040e-05
	-5.295216e-12
	-6.882742e-06
299	1.400000e-05
	6.800000e-07
	4.854658e+01
	1.995920e+14
	2.511883e+07
	4.751693e+06
	-1.083911e-06
	-3.500802e+04
	1.557821e-11
	1.462905e-02
	-3.972537e-08
	-5.055870e-05
	-2.591395e-12
	-2.295481e-06
300	1.500000e-05
	6.800000e-07
	5.189303e+01
	6.893605e+15
	4.793119e+15
	2.840055e+01
	-1.529017e-07
	-1.722106e+04
	-1.788618e-11
	7.289635e-03
	-1.215680e-07
	7.265177e-03
	-2.785826e-22
	-1.480064e-11
301	1.600000e-05
	6.800000e-07
	5.199079e+01
	2.151523e+17
	2.151250e+17
	4.238158e+01
	-1.837761e-09
	-7.658844e+02
	-8.474090e-12
	-2.489273e-05
	-3.000991e-08
	1.456839e-02
	-2.889523e-23
	-2.217676e-12
302	1.700000e-05
	6.800000e-07
	5.204621e+01
	3.159147e+18
	3.159129e+18
	8.411968e+01
	-0.000000e+00
	-4.137333e+02
	-3.046032e-12
	-3.080180e-09
	-3.542039e-11
	1.455353e-02
	-5.442474e-25
	-8.471232e-13
303	1.800000e-05
	6.800000e-07
	5.207354e+01
	2.153466e+19
	2.153465e+19
	1.063321e+02
	-0.000000e+00
	-2.171189e+02
	-1.523016e-12
	-1.415941e-10
	0.000000e+00
	1.455353e-02
	-1.331909e-26
	-1.229923e-13
304	1.900000e-05
	6.800000e-07
	5.208963e+01
	6.812157e+19
	6.812156e+19
	9.809552e+01
	-0.000000e+00
	-1.072354e+02
	-1.523016e-12
	-3.765410e-11
	-3.382266e-10
	1.455353e-02
	-1.652034e-27
	-3.501951e-15
305	2.000000e-05
	6.800000e-07
	5.209498e+01
	1.000001e+20
	1.000001e+20
	9.521644e+01
	-0.000000e+00
	-5.351207e+01
	-0.000000e+00
	-2.152803e-11
	0.000000e+00
	1.455351e-02
	0.000000e+00
	-6.633103e-17
306	0.000000e+00
	7.600000e-07
	-5.250299e-01
	-9.999990e+19
	2.333911e+02
	9.999990e+19
	4.282788e+02
	-6.992404e+01
	-0.000000e+00
	1.516850e-11
	1.241444e-25
	-2.576249e-13
	5.628421e-08
	4.212958e-02
307	5.000000e-07
	7.600000e-07
	-5.215337e-01
	-8.057897e+19
	2.117861e+02
	8.057826e+19
	4.283819e+02
	-1.398673e+02
	4.202029e-10
	3.399538e-10
	1.926438e-12
	-2.605502e-13
	-7.284582e-05
	4.207938e-02
308	1.000000e-06
	7.600000e-07
	-5.110431e-01
	-4.215878e+19
	2.125864e+02
	4.215807e+19
	4.286089e+02
	-2.798629e+02
	4.078975e-09
	5.839502e-09
	2.833035e-12
	-5.157116e-13
	-2.332166e-04
	4.187397e-02
309	1.500000e-06
	7.600000e-07
	-4.935474e-01
	-1.432179e+19
	1.723459e+02
	1.432108e+19
	4.292833e+02
	-4.203774e+02
	4.228228e-08
	1.086167e-07
	3.691787e-12
	-1.133708e-12
	-6.147717e-04
	4.125910e-02
310	2.000000e-06
	7.600000e-07
	-4.690054e-01
	-3.158947e+18
	6.938417e+01
	3.158231e+18
	4.319845e+02
	-5.641382e+02
	2.873185e-07
	1.712848e-06
	2.838908e-12
	-1.441325e-12
	-7.799190e-04
	4.017522e-02
311	2.500000e-06
	7.600000e-07
	-4.371336e-01
	-4.523352e+17
	1.074184e+01
	4.515397e+17
	4.581408e+02
	-8.829672e+02
	-1.368447e-06
	-3.775138e-04
	1.230634e-12
	-1.187647e-12
	5.970070e-04
	4.043285e-02
312	3.000000e-06
	7.600000e-07
	-3.807087e-01
	-4.197278e+16
	8.390300e-01
	2.944979e+16
	4.211081e+03
	-2.673509e+04
	3.470796e-03
	8.290943e-03
	4.219041e-13
	-1.399318e-12
	-1.251321e-02
	2.062438e-02
313	3.500000e-06
	7.600000e-07
	2.236375e+00
	-2.440333e+15
	5.321015e+05
	6.156846e+07
	7.084396e+03
	-5.351372e+04
	-6.968935e-04
	1.624433e-02
	6.030651e-07
	-5.777487e-07
	2.007033e-05
	-6.244780e-05
314	4.000000e-06
	7.600000e-07
	4.970664e+00
	4.080051e+11
	1.176747e+06
	5.434524e+07
	1.766958e+03
	-5.313742e+04
	-2.194781e-04
	1.493768e-02
	3.905637e-07
	-1.931232e-06
	5.977398e-06
	-5.408455e-05
315	4.400000e-06
	7.600000e-07
	7.046613e+00
	9.453171e+13
	1.947123e+06
	4.687670e+07
	5.210421e+02
	-5.126023e+04
	-7.022400e-05
	1.472020e-02
	1.441011e-07
	-3.385121e-06
	1.696765e-06
	-4.822702e-05
316	4.800000e-06
	7.600000e-07
	9.071482e+00
	9.977226e+13
	2.826585e+06
	4.349457e+07
	1.553341e+02
	-5.021001e+04
	-2.172515e-05
	1.465668e-02
	-1.839289e-09
	-5.169063e-06
	4.842743e-07
	-4.503495e-05
317	5.200000e-06
	7.600000e-07
	1.106341e+01
	9.999281e+13
	3.759380e+06
	4.135774e+07
	4.685385e+01
	-4.945774e+04
	-6.657520e-06
	1.463746e-02
	-7.622450e-08
	-7.127145e-06
	1.402698e-07
	-4.279416e-05
318	5.600000e-06
	7.600000e-07
	1.302810e+01
	9.999983e+13
	4.714890e+06
	3.959710e+07
	1.421912e+01
	-4.879833e+04
	-2.033685e-06
	1.463161e-02
	-1.121970e-07
	-9.165504e-06
	4.086398e-08
	-4.084133e-05
319	6.000000e-06
	7.600000e-07
	1.496728e+01
	1.000000e+14
	5.677574e+06
	3.794222e+07
	4.326854e+00
	-4.816726e+04
	-6.205114e-07
	1.462983e-02
	-1.286059e-07
	-1.123388e-05
	1.190540e-08
	-3.897358e-05
320	6.400000e-06
	7.600000e-07
	1.688148e+01
	1.000000e+14
	6.639901e+06
	3.631222e+07
	1.318151e+00
	-4.754482e+04
	-1.892460e-07
	1.462929e-02
	-1.347324e-07
	-1.330711e-05
	3.451944e-09
	-3.713077e-05
321	6.800000e-06
	7.600000e-07
	1.877087e+01
	1.000000e+14
	7.598370e+06
	3.468300e+07
	4.017551e-01
	-4.692501e+04
	-5.770865e-08
	1.462912e-02
	-1.350579e-07
	-1.537308e-05
	9.863655e-10
	-3.529522e-05
322	7.200000e-06
	7.600000e-07
	2.063548e+01
	1.000000e+14
	8.551488e+06
	3.304720e+07
	1.224716e-01
	-4.630600e+04
	-1.759103e-08
	1.462907e-02
	-1.318916e-07
	-1.742624e-05
	2.694516e-10
	-3.346176e-05
323	7.600000e-06
	7.600000e-07
	2.247535e+01
	1.000000e+14
	9.498785e+06
	3.140241e+07
	3.733559e-02
	-4.568724e+04
	-5.367358e-09
	1.462906e-02
	-1.265654e-07
	-1.946433e-05
	6.250311e-11
	-3.162886e-05
324	8.000000e-06
	7.600000e-07
	2.429046e+01
	1.000000e+14
	1.044032e+07
	2.974763e+07
	1.138045e-02
	-4.506855e+04
	-1.627538e-09
	1.462905e-02
	-1.199337e-07
	-2.148675e-05
	3.934590e-12
	-2.979608e-05
325	8.400000e-06
	7.600000e-07
	2.608083e+01
	1.000000e+14
	1.137644e+07
	2.808225e+07
	3.467382e-03
	-4.444988e+04
	-4.943910e-10
	1.462905e-02
	-1.125811e-07
	-2.349377e-05
	-1.161788e-11
	-2.796329e-05
326	8.800000e-06
	7.600000e-07
	2.784645e+01
	1.000000e+14
	1.230760e+07
	2.640577e+07
	1.054870e-03
	-4.383122e+04
	-1.517235e-10
	1.462905e-02
	-1.049172e-07
	-2.548609e-05
	-1.478895e-11
	-2.613045e-05
327	9.200000e-06
	7.600000e-07
	2.958733e+01
	1.000000e+14
	1.323437e+07
	2.471771e+07
	3.191213e-04
	-4.321257e+04
	-4.772741e-11
	1.462905e-02
	-9.722761e-08
	-2.746462e-05
	-1.446186e-11
	-2.429756e-05
328	9.600000e-06
	7.600000e-07
	3.130346e+01
	1.000000e+14
	1.415730e+07
	2.301757e+07
	9.370155e-05
	-4.259391e+04
	-1.239568e-11
	1.462905e-02
	-8.970720e-08
	-2.943035e-05
	-1.320357e-11
	-2.246460e-05
329	1.000000e-05
	7.600000e-07
	3.299484e+01
	1.000000e+14
	1.576208e+07
	2.130480e+07
	2.096591e-05
	-4.197526e+04
	-1.081180e-11
	1.462905e-02
	-7.759271e-08
	-3.138059e-05
	-1.175300e-11
	-2.063160e-05
330	1.100000e-05
	7.600000e-07
	3.711503e+01
	1.000000e+14
	1.804146e+07
	1.827554e+07
	1.495937e-07
	-4.042862e+04
	3.417528e-12
	1.462905e-02
	-6.285475e-08
	-3.620590e-05
	-9.437700e-12
	-1.604901e-05
331	1.200000e-05
	7.600000e-07
	4.108056e+01
	1.000021e+14
	2.031696e+07
	1.387163e+07
	-1.284962e-06
	-3.888196e+04
	4.965855e-12
	1.462905e-02
	-5.061280e-08
	-4.098281e-05
	-6.699958e-12
	-1.146612e-05
332	1.300000e-05
	7.600000e-07
	4.489143e+01
	1.006775e+14
	2.259713e+07
	9.367774e+06
	-1.141250e-06
	-3.733006e+04
	-1.119058e-11
	1.462905e-02
	-4.058802e-08
	-4.572106e-05
	-4.290284e-12
	-6.882756e-06
333	1.400000e-05
	7.600000e-07
	4.854658e+01
	1.995920e+14
	2.506511e+07
	4.751703e+06
	-8.788173e-07
	-3.500802e+04
	-2.442498e-12
	1.462905e-02
	-3.217585e-08
	-5.043136e-05
	-2.100125e-12
	-2.295485e-06
334	1.500000e-05
	7.600000e-07
	5.189303e+01
	6.893605e+15
	4.793119e+15
	2.840055e+01
	-1.234975e-07
	-1.722106e+04
	1.640019e-11
	7.289635e-03
	-9.819161e-08
	7.265247e-03
	-2.248668e-22
	-1.480064e-11
335	1.600000e-05
	7.600000e-07
	5.199079e+01
	2.151523e+17
	2.151250e+17
	4.238158e+01
	-1.470209e-09
	-7.658844e+02
	1.429216e-11
	-2.489273e-05
	-2.401129e-08
	1.456841e-02
	-2.383826e-23
	-2.217676e-12
336	1.700000e-05
	7.600000e-07
	5.204621e+01
	3.159147e+18
	3.159129e+18
	8.411968e+01
	-0.000000e+00
	-4.137333e+02
	-9.138095e-12
	-3.080957e-09
	0.000000e+00
	1.455353e-02
	-4.599274e-25
	-8.471232e-13
337	1.800000e-05
	7.600000e-07
	5.207354e+01
	2.153466e+19
	2.153465e+19
	1.063321e+02
	-0.000000e+00
	-2.171189e+02
	-1.523016e-12
	-1.414723e-10
	0.000000e+00
	1.455353e-02
	-1.160050e-26
	-1.229923e-13
338	1.900000e-05
	7.600000e-07
	5.208963e+01
	6.812157e+19
	6.812156e+19
	9.809552e+01
	-0.000000e+00
	-1.072354e+02
	-3.046032e-12
	-3.753231e-11
	-3.382266e-10
	1.455353e-02
	-8.260170e-28
	-3.501951e-15
339	2.000000e-05
	7.600000e-07
	5.209498e+01
	1.000001e+20
	1.000001e+20
	9.521644e+01
	-0.000000e+00
	-5.351207e+01
	-0.000000e+00
	-2.128431e-11
	0.000000e+00
	1.455351e-02
	0.000000e+00
	-6.633103e-17
340	0.000000e+00
	8.400000e-07
	-5.250299e-01
	-9.999990e+19
	2.333911e+02
	9.999990e+19
	-0.000000e+00
	-6.991959e+01
	-0.000000e+00
	6.804404e-11
	0.000000e+00
	-9.748752e-14
	0.000000e+00
	4.207545e-02
341	5.000000e-07
	8.400000e-07
	-5.215339e-01
	-8.057897e+19
	2.332763e+02
	8.057895e+19
	1.389031e-02
	-1.398630e+02
	2.722731e-10
	5.908680e-10
	6.973526e-13
	-1.393778e-13
	-5.267737e-05
	4.199977e-02
342	1.000000e-06
	8.400000e-07
	-5.110436e-01
	-4.215878e+19
	2.492374e+02
	4.215876e+19
	2.656139e-02
	-2.798526e+02
	2.565291e-09
	8.285312e-09
	1.313556e-12
	-4.651639e-13
	-1.691788e-04
	4.167873e-02
343	1.500000e-06
	8.400000e-07
	-4.935486e-01
	-1.432179e+19
	2.221273e+02
	1.432177e+19
	7.829383e-02
	-4.203246e+02
	2.471826e-08
	1.219546e-07
	2.134675e-12
	-1.286674e-12
	-4.331535e-04
	4.075786e-02
344	2.000000e-06
	8.400000e-07
	-4.690111e-01
	-3.158947e+18
	9.775389e+01
	3.158928e+18
	3.568072e-01
	-5.637277e+02
	1.233434e-07
	1.308010e-06
	1.834519e-12
	-1.837102e-12
	-5.376823e-04
	3.919107e-02
345	2.500000e-06
	8.400000e-07
	-4.371759e-01
	-4.523352e+17
	1.618134e+01
	4.522789e+17
	2.662155e+00
	-8.381672e+02
	-4.243444e-06
	-4.547770e-05
	8.292760e-13
	-1.592799e-12
	3.073589e-04
	3.955705e-02
346	3.000000e-06
	8.400000e-07
	-3.851944e-01
	-4.197278e+16
	1.280111e+00
	3.502707e+16
	3.012943e+02
	-2.627453e+04
	2.251743e-03
	8.249620e-03
	1.954719e-13
	-2.043847e-12
	-8.966413e-03
	2.036104e-02
347	3.500000e-06
	8.400000e-07
	2.190277e+00
	-2.440333e+15
	5.112218e+05
	8.649624e+07
	4.560885e+03
	-5.343702e+04
	-4.103405e-04
	1.589743e-02
	4.067022e-07
	-5.552936e-07
	1.757568e-05
	-7.777345e-05
348	4.000000e-06
	8.400000e-07
	4.958508e+00
	4.080051e+11
	1.125160e+06
	5.818564e+07
	1.230631e+03
	-5.355775e+04
	-1.494547e-04
	1.497548e-02
	2.670961e-07
	-1.849329e-06
	4.469431e-06
	-5.647403e-05
349	4.400000e-06
	8.400000e-07
	7.042999e+00
	9.453171e+13
	1.865198e+06
	4.758733e+07
	3.675915e+02
	-5.139871e+04
	-4.903443e-05
	1.473689e-02
	1.044217e-07
	-3.240729e-06
	1.217899e-06
	-4.873641e-05
350	4.800000e-06
	8.400000e-07
	9.070404e+00
	9.977226e+13
	2.718376e+06
	4.367214e+07
	1.096403e+02
	-5.025113e+04
	-1.526020e-05
	1.466215e-02
	6.269398e-09
	-4.963326e-06
	3.433438e-07
	-4.516514e-05
351	5.200000e-06
	8.400000e-07
	1.106309e+01
	9.999281e+13
	3.629314e+06
	4.140670e+07
	3.303459e+01
	-4.946998e+04
	-4.683935e-06
	1.463917e-02
	-4.444904e-08
	-6.869353e-06
	9.901534e-08
	-4.283036e-05
352	5.600000e-06
	8.400000e-07
	1.302800e+01
	9.999983e+13
	4.568389e+06
	3.961118e+07
	1.001792e+01
	-4.880202e+04
	-1.431525e-06
	1.463214e-02
	-6.986176e-08
	-8.866401e-06
	2.880000e-08
	-4.085178e-05
353	6.000000e-06
	8.400000e-07
	1.496725e+01
	1.000000e+14
	5.520465e+06
	3.794637e+07
	3.047362e+00
	-4.816838e+04
	-4.368570e-07
	1.462999e-02
	-8.240066e-08
	-1.090570e-05
	8.386105e-09
	-3.897668e-05
354	6.400000e-06
	8.400000e-07
	1.688147e+01
	1.000000e+14
	6.477627e+06
	3.631350e+07
	9.282188e-01
	-4.754516e+04
	-1.332401e-07
	1.462934e-02
	-8.803659e-08
	-1.296206e-05
	2.431272e-09
	-3.713174e-05
355	6.800000e-06
	8.400000e-07
	1.877086e+01
	1.000000e+14
	7.435520e+06
	3.468343e+07
	2.828906e-01
	-4.692511e+04
	-4.063112e-08
	1.462914e-02
	-8.960387e-08
	-1.502203e-05
	6.948604e-10
	-3.529557e-05
356	7.200000e-06
	8.400000e-07
	2.063548e+01
	1.000000e+14
	8.391639e+06
	3.304739e+07
	8.623448e-02
	-4.630603e+04
	-1.238905e-08
	1.462908e-02
	-8.857386e-08
	-1.707803e-05
	1.899661e-10
	-3.346191e-05
357	7.600000e-06
	8.400000e-07
	2.247535e+01
	1.000000e+14
	9.344539e+06
	3.140252e+07
	2.628839e-02
	-4.568725e+04
	-3.773947e-09
	1.462906e-02
	-8.582857e-08
	-1.912562e-05
	4.418734e-11
	-3.162895e-05
358	8.000000e-06
	8.400000e-07
	2.429046e+01
	1.000000e+14
	1.029344e+07
	2.974770e+07
	8.013075e-03
	-4.506855e+04
	-1.148516e-09
	1.462905e-02
	-8.196606e-08
	-2.116224e-05
	2.901611e-12
	-2.979615e-05
359	8.400000e-06
	8.400000e-07
	2.608083e+01
	1.000000e+14
	1.123799e+07
	2.808231e+07
	2.441417e-03
	-4.444988e+04
	-3.505623e-10
	1.462905e-02
	-7.741867e-08
	-2.318651e-05
	-8.084357e-12
	-2.796335e-05
360	8.800000e-06
	8.400000e-07
	2.784645e+01
	1.000000e+14
	1.217816e+07
	2.640583e+07
	7.427502e-04
	-4.383122e+04
	-1.095069e-10
	1.462905e-02
	-7.250389e-08
	-2.519782e-05
	-1.034358e-11
	-2.613051e-05
361	9.200000e-06
	8.400000e-07
	2.958733e+01
	1.000000e+14
	1.311410e+07
	2.471776e+07
	2.247025e-04
	-4.321257e+04
	-2.582460e-11
	1.462905e-02
	-6.745234e-08
	-2.719610e-05
	-1.013302e-11
	-2.429761e-05
362	9.600000e-06
	8.400000e-07
	3.130346e+01
	1.000000e+14
	1.404610e+07
	2.301761e+07
	6.598113e-05
	-4.259391e+04
	2.580379e-12
	1.462905e-02
	-6.242749e-08
	-2.918164e-05
	-9.261822e-12
	-2.246464e-05
363	1.000000e-05
	8.400000e-07
	3.299484e+01
	1.000000e+14
	1.566566e+07
	2.130484e+07
	1.476567e-05
	-4.197526e+04
	7.236097e-12
	1.462905e-02
	-5.418883e-08
	-3.115089e-05
	-8.251647e-12
	-2.063164e-05
364	1.100000e-05
	8.400000e-07
	3.711503e+01
	1.000000e+14
	1.796320e+07
	1.827557e+07
	1.069577e-07
	-4.042862e+04
	3.905042e-12
	1.462905e-02
	-4.402842e-08
	-3.601877e-05
	-6.631794e-12
	-1.604904e-05
365	1.200000e-05
	8.400000e-07
	4.108056e+01
	1.000021e+14
	2.025386e+07
	1.387165e+07
	-9.034433e-07
	-3.888196e+04
	5.465090e-12
	1.462905e-02
	-3.552053e-08
	-4.083174e-05
	-4.710780e-12
	-1.146614e-05
366	1.300000e-05
	8.400000e-07
	4.489143e+01
	1.006775e+14
	2.254646e+07
	9.367788e+06
	-8.031016e-07
	-3.733006e+04
	3.795819e-12
	1.462905e-02
	-2.851924e-08
	-4.559983e-05
	-3.017594e-12
	-6.882766e-06
367	1.400000e-05
	8.400000e-07
	4.854658e+01
	1.995920e+14
	2.502417e+07
	4.751710e+06
	-6.182228e-07
	-3.500802e+04
	-9.978590e-12
	1.462905e-02
	-2.262550e-08
	-5.033435e-05
	-1.477415e-12
	-2.295488e-06
368	1.500000e-05
	8.400000e-07
	5.189303e+01
	6.893605e+15
	4.793119e+15
	2.840055e+01
	-8.710987e-08
	-1.722106e+04
	7.146080e-12
	7.289635e-03
	-6.925476e-08
	7.265299e-03
	-1.586734e-22
	-1.480064e-11
369	1.600000e-05
	8.400000e-07
	5.199079e+01
	2.151523e+17
	2.151250e+17
	4.238158e+01
	-1.102657e-09
	-7.658844e+02
	-5.623064e-12
	-2.489274e-05
	-1.800595e-08
	1.456842e-02
	-1.700790e-23
	-2.217676e-12
370	1.700000e-05
	8.400000e-07
	5.204621e+01
	3.159147e+18
	3.159129e+18
	8.411968e+01
	-0.000000e+00
	-4.137333e+02
	-4.569047e-12
	-3.081445e-09
	6.050517e-26
	1.455353e-02
	-3.349215e-25
	-8.471232e-13
371	1.800000e-05
	8.400000e-07
	5.207354e+01
	2.153466e+19
	2.153465e+19
	1.063321e+02
	-0.000000e+00
	-2.171189e+02
	-0.000000e+00
	-1.411068e-10
	-9.254514e-11
	1.455353e-02
	-9.881906e-27
	-1.229923e-13
372	1.900000e-05
	8.400000e-07
	5.208963e+01
	6.812157e+19
	6.812156e+19
	9.809552e+01
	-0.000000e+00
	-1.072354e+02
	-1.523016e-12
	-3.753231e-11
	0.000000e+00
	1.455353e-02
	4.130085e-28
	-3.501951e-15
373	2.000000e-05
	8.400000e-07
	5.209498e+01
	1.000001e+20
	1.000001e+20
	9.521644e+01
	-0.000000e+00
	-5.351207e+01
	-0.000000e+00
	-2.104064e-11
	0.000000e+00
	1.455351e-02
	0.000000e+00
	-6.633103e-17
374	0.000000e+00
	9.200000e-07
	-5.250299e-01
	-9.999990e+19
	2.333911e+02
	9.999990e+19
	-0.000000e+00
	-6.991959e+01
	-0.000000e+00
	1.022959e-10
	0.000000e+00
	-4.132947e-14
	0.000000e+00
	4.206828e-02
375	5.000000e-07
	9.200000e-07
	-5.215339e-01
	-8.057897e+19
	2.408591e+02
	8.057895e+19
	4.343548e-07
	-1.398630e+02
	1.435220e-10
	7.504005e-10
	2.265326e-13
	-8.546817e-14
	-2.719202e-05
	4.198456e-02
376	1.000000e-06
	9.200000e-07
	-5.110436e-01
	-4.215878e+19
	2.654178e+02
	4.215876e+19
	1.549141e-06
	-2.798526e+02
	1.339806e-09
	9.750860e-09
	5.157445e-13
	-4.205339e-13
	-8.703079e-05
	4.163274e-02
377	1.500000e-06
	9.200000e-07
	-4.935486e-01
	-1.432179e+19
	2.486810e+02
	1.432177e+19
	1.361069e-05
	-4.203246e+02
	1.234958e-08
	1.279412e-07
	9.752497e-13
	-1.357411e-12
	-2.167430e-04
	4.068742e-02
378	2.000000e-06
	9.200000e-07
	-4.690111e-01
	-3.158947e+18
	1.143355e+02
	3.158928e+18
	2.922743e-04
	-5.637248e+02
	4.918621e-08
	1.029942e-06
	8.987818e-13
	-2.080079e-12
	-2.626165e-04
	3.918074e-02
379	2.500000e-06
	9.200000e-07
	-4.371762e-01
	-4.523352e+17
	1.947775e+01
	4.522840e+17
	1.857055e-02
	-8.348172e+02
	-2.303329e-06
	-1.725474e-05
	4.164215e-13
	-1.878022e-12
	5.580479e-05
	3.868448e-02
380	3.000000e-06
	9.200000e-07
	-3.855294e-01
	-4.197278e+16
	1.551826e+00
	3.548374e+16
	2.304505e+01
	-2.600577e+04
	1.904394e-04
	8.225967e-03
	8.013409e-14
	-2.466745e-12
	-3.662959e-03
	1.944525e-02
381	3.500000e-06
	9.200000e-07
	2.163401e+00
	-2.440333e+15
	4.970774e+05
	1.196014e+08
	2.231674e+03
	-5.336503e+04
	-1.986155e-04
	1.586014e-02
	2.047819e-07
	-5.400594e-07
	1.079010e-05
	-9.688160e-05
382	4.000000e-06
	9.200000e-07
	4.950973e+00
	4.080051e+11
	1.097654e+06
	6.107769e+07
	6.302632e+02
	-5.380284e+04
	-7.558115e-05
	1.499710e-02
	1.351888e-07
	-1.802771e-06
	2.404719e-06
	-5.822355e-05
383	4.400000e-06
	9.200000e-07
	7.040732e+00
	9.453171e+13
	1.821101e+06
	4.806089e+07
	1.899374e+02
	-5.148443e+04
	-2.517903e-05
	1.474704e-02
	5.457249e-08
	-3.163305e-06
	6.369625e-07
	-4.907225e-05
384	4.800000e-06
	9.200000e-07
	9.069728e+00
	9.977226e+13
	2.658851e+06
	4.378604e+07
	5.669263e+01
	-5.027692e+04
	-7.867339e-06
	1.466555e-02
	5.349068e-09
	-4.851206e-06
	1.780998e-07
	-4.524830e-05
385	5.200000e-06
	9.200000e-07
	1.106289e+01
	9.999281e+13
	3.556385e+06
	4.143764e+07
	1.707177e+01
	-4.947766e+04
	-2.417399e-06
	1.464023e-02
	-2.029192e-08
	-6.726051e-06
	5.121335e-08
	-4.285320e-05
386	5.600000e-06
	9.200000e-07
	1.302794e+01
	9.999983e+13
	4.484749e+06
	3.962003e+07
	5.174878e+00
	-4.880433e+04
	-7.390606e-07
	1.463246e-02
	-3.337796e-08
	-8.697075e-06
	1.488062e-08
	-4.085835e-05
387	6.000000e-06
	9.200000e-07
	1.496723e+01
	1.000000e+14
	5.429266e+06
	3.794898e+07
	1.573813e+00
	-4.816908e+04
	-2.255626e-07
	1.463009e-02
	-4.009710e-08
	-1.071671e-05
	4.331450e-09
	-3.897862e-05
388	6.400000e-06
	9.200000e-07
	1.688147e+01
	1.000000e+14
	6.382053e+06
	3.631430e+07
	4.793338e-01
	-4.754537e+04
	-6.880044e-08
	1.462937e-02
	-4.337280e-08
	-1.276028e-05
	1.255666e-09
	-3.713234e-05
389	6.800000e-06
	9.200000e-07
	1.877086e+01
	1.000000e+14
	7.338429e+06
	3.468370e+07
	1.460793e-01
	-4.692518e+04
	-2.097131e-08
	1.462915e-02
	-4.457008e-08
	-1.481401e-05
	3.589153e-10
	-3.529578e-05
390	7.200000e-06
	9.200000e-07
	2.063548e+01
	1.000000e+14
	8.295377e+06
	3.304750e+07
	4.452911e-02
	-4.630605e+04
	-6.387956e-09
	1.462908e-02
	-4.439640e-08
	-1.686939e-05
	9.816947e-11
	-3.346201e-05
391	7.600000e-06
	9.200000e-07
	2.247535e+01
	1.000000e+14
	9.250895e+06
	3.140258e+07
	1.357451e-02
	-4.568725e+04
	-1.942547e-09
	1.462906e-02
	-4.328502e-08
	-1.892083e-05
	2.287370e-11
	-3.162901e-05
392	8.000000e-06
	9.200000e-07
	2.429046e+01
	1.000000e+14
	1.020368e+07
	2.974775e+07
	4.137696e-03
	-4.506855e+04
	-5.871233e-10
	1.462905e-02
	-4.153996e-08
	-2.096460e-05
	1.540186e-12
	-2.979620e-05
393	8.400000e-06
	9.200000e-07
	2.608083e+01
	1.000000e+14
	1.115296e+07
	2.808235e+07
	1.260671e-03
	-4.444988e+04
	-1.886201e-10
	1.462905e-02
	-3.938847e-08
	-2.299827e-05
	-4.143826e-12
	-2.796339e-05
394	8.800000e-06
	9.200000e-07
	2.784645e+01
	1.000000e+14
	1.209832e+07
	2.640586e+07
	3.835350e-04
	-4.383122e+04
	-5.127179e-11
	1.462905e-02
	-3.700215e-08
	-2.502039e-05
	-5.318834e-12
	-2.613054e-05
395	9.200000e-06
	9.200000e-07
	2.958733e+01
	1.000000e+14
	1.303967e+07
	2.471779e+07
	1.160315e-04
	-4.321257e+04
	-1.793247e-11
	1.462905e-02
	-3.450851e-08
	-2.703022e-05
	-5.216414e-12
	-2.429764e-05
396	9.600000e-06
	9.200000e-07
	3.130346e+01
	1.000000e+14
	1.397711e+07
	2.301764e+07
	3.407246e-05
	-4.259391e+04
	-7.894194e-12
	1.462905e-02
	-3.199978e-08
	-2.902755e-05
	-4.771288e-12
	-2.246467e-05
397	1.000000e-05
	9.200000e-07
	3.299484e+01
	1.000000e+14
	1.560566e+07
	2.130487e+07
	7.625238e-06
	-4.197526e+04
	2.457271e-12
	1.462905e-02
	-2.783861e-08
	-3.100827e-05
	-4.253252e-12
	-2.063166e-05
398	1.100000e-05
	9.200000e-07
	3.711503e+01
	1.000000e+14
	1.791438e+07
	1.827559e+07
	5.586793e-08
	-4.042862e+04
	1.864276e-12
	1.462905e-02
	-2.266153e-08
	-3.590220e-05
	-3.420142e-12
	-1.604906e-05
399	1.200000e-05
	9.200000e-07
	4.108056e+01
	1.000021e+14
	2.021443e+07
	1.387167e+07
	-4.664237e-07
	-3.888196e+04
	1.200271e-12
	1.462905e-02
	-1.830421e-08
	-4.073744e-05
	-2.430333e-12
	-1.146615e-05
400	1.300000e-05
	9.200000e-07
	4.489143e+01
	1.006775e+14
	2.251478e+07
	9.367797e+06
	-4.145989e-07
	-3.733006e+04
	7.359601e-12
	1.462905e-02
	-1.470738e-08
	-4.552404e-05
	-1.557148e-12
	-6.882773e-06
401	1.400000e-05
	9.200000e-07
	4.854658e+01
	1.995920e+14
	2.499854e+07
	4.751714e+06
	-3.194029e-07
	-3.500802e+04
	7.731097e-12
	1.462905e-02
	-1.167348e-08
	-5.027366e-05
	-7.624712e-13
	-2.295490e-06
402	1.500000e-05
	9.200000e-07
	5.189303e+01
	6.893605e+15
	4.793119e+15
	2.840055e+01
	-4.520892e-08
	-1.722106e+04
	-8.084078e-12
	7.289635e-03
	-3.593768e-08
	7.265332e-03
	-8.244433e-23
	-1.480064e-11
403	1.600000e-05
	9.200000e-07
	5.199079e+01
	2.151523e+17
	2.151250e+17
	4.238158e+01
	-7.351044e-10
	-7.658844e+02
	0.000000e+00
	-2.489273e-05
	-1.201405e-08
	1.456842e-02
	-9.041717e-24
	-2.217676e-12
404	1.700000e-05
	9.200000e-07
	5.204621e+01
	3.159147e+18
	3.159129e+18
	8.411968e+01
	-0.000000e+00
	-4.137333e+02
	1.523016e-12
	-3.080508e-09
	1.771020e-11
	1.455353e-02
	-1.721780e-25
	-8.471232e-13
405	1.800000e-05
	9.200000e-07
	5.207354e+01
	2.153466e+19
	2.153465e+19
	1.063321e+02
	-0.000000e+00
	-2.171189e+02
	-0.000000e+00
	-1.412287e-10
	0.000000e+00
	1.455353e-02
	-4.726129e-27
	-1.229923e-13
406	1.900000e-05
	9.200000e-07
	5.208963e+01
	6.812157e+19
	6.812156e+19
	9.809552e+01
	-0.000000e+00
	-1.072354e+02
	-0.000000e+00
	-3.753231e-11
	0.000000e+00
	1.455353e-02
	0.000000e+00
	-3.501951e-15
407	2.000000e-05
	9.200000e-07
	5.209498e+01
	1.000001e+20
	1.000001e+20
	9.521644e+01
	-0.000000e+00
	-5.351207e+01
	-0.000000e+00
	-2.104064e-11
	0.000000e+00
	1.455351e-02
	0.000000e+00
	-6.633103e-17
408	0.000000e+00
	1.000000e-06
	-5.250299e-01
	-9.999990e+19
	2.333911e+02
	9.999990e+19
	-0.000000e+00
	-6.991959e+01
	-0.000000e+00
	1.139710e-10
	0.000000e+00
	-2.753929e-14
	0.000000e+00
	4.206582e-02
409	5.000000e-07
	1.000000e-06
	-5.215339e-01
	-8.057897e+19
	2.427212e+02
	8.057895e+19
	0.000000e+00
	-1.398630e+02
	0.000000e+00
	8.052368e-10
	0.000000e+00
	-7.012454e-14
	0.000000e+00
	4.197940e-02
410	1.000000e-06
	1.000000e-06
	-5.110436e-01
	-4.215878e+19
	2.699822e+02
	4.215876e+19
	0.000000e+00
	-2.798526e+02
	0.000000e+00
	1.023828e-08
	0.000000e+00
	-4.038166e-13
	0.000000e+00
	4.161738e-02
411	1.500000e-06
	1.000000e-06
	-4.935486e-01
	-1.432179e+19
	2.570061e+02
	1.432177e+19
	0.000000e+00
	-4.203246e+02
	0.000000e+00
	1.296100e-07
	0.000000e+00
	-1.376212e-12
	0.000000e+00
	4.066418e-02
412	2.000000e-06
	1.000000e-06
	-4.690111e-01
	-3.158947e+18
	1.197858e+02
	3.158928e+18
	0.000000e+00
	-5.637247e+02
	0.000000e+00
	9.375010e-07
	0.000000e+00
	-2.157475e-12
	0.000000e+00
	3.917317e-02
413	2.500000e-06
	1.000000e-06
	-4.371762e-01
	-4.523352e+17
	2.057903e+01
	4.522841e+17
	0.000000e+00
	-8.344800e+02
	0.000000e+00
	-1.501526e-05
	0.000000e+00
	-1.973161e-12
	0.000000e+00
	3.836783e-02
414	3.000000e-06
	1.000000e-06
	-3.855631e-01
	-4.197278e+16
	1.635013e+00
	3.553003e+16
	0.000000e+00
	-2.591747e+04
	0.000000e+00
	8.218210e-03
	0.000000e+00
	-2.600587e-12
	0.000000e+00
	1.911453e-02
415	3.500000e-06
	1.000000e-06
	2.154571e+00
	-2.440333e+15
	4.921786e+05
	1.382106e+08
	0.000000e+00
	-5.333987e+04
	0.000000e+00
	1.585486e-02
	0.000000e+00
	-5.347781e-07
	0.000000e+00
	-1.073602e-04
416	4.000000e-06
	1.000000e-06
	4.948424e+00
	4.080051e+11
	1.088916e+06
	6.223705e+07
	0.000000e+00
	-5.388336e+04
	0.000000e+00
	1.500418e-02
	0.000000e+00
	-1.787588e-06
	0.000000e+00
	-5.891041e-05
417	4.400000e-06
	1.000000e-06
	7.039960e+00
	9.453171e+13
	1.807157e+06
	4.823276e+07
	0.000000e+00
	-5.151342e+04
	0.000000e+00
	1.475044e-02
	0.000000e+00
	-3.138780e-06
	0.000000e+00
	-4.919280e-05
418	4.800000e-06
	1.000000e-06
	9.069497e+00
	9.977226e+13
	2.639878e+06
	4.382574e+07
	0.000000e+00
	-5.028571e+04
	0.000000e+00
	1.466670e-02
	0.000000e+00
	-4.815592e-06
	0.000000e+00
	-4.527715e-05
419	5.200000e-06
	1.000000e-06
	1.106282e+01
	9.999281e+13
	3.532929e+06
	4.144826e+07
	0.000000e+00
	-4.948028e+04
	0.000000e+00
	1.464059e-02
	0.000000e+00
	-6.680148e-06
	0.000000e+00
	-4.286103e-05
420	5.600000e-06
	1.000000e-06
	1.302792e+01
	9.999983e+13
	4.457601e+06
	3.962306e+07
	0.000000e+00
	-4.880512e+04
	0.000000e+00
	1.463257e-02
	0.000000e+00
	-8.642347e-06
	0.000000e+00
	-4.086059e-05
421	6.000000e-06
	1.000000e-06
	1.496723e+01
	1.000000e+14
	5.399412e+06
	3.794987e+07
	0.000000e+00
	-4.816932e+04
	0.000000e+00
	1.463012e-02
	0.000000e+00
	-1.065509e-05
	0.000000e+00
	-3.897928e-05
422	6.400000e-06
	1.000000e-06
	1.688147e+01
	1.000000e+14
	6.350533e+06
	3.631457e+07
	0.000000e+00
	-4.754544e+04
	0.000000e+00
	1.462938e-02
	0.000000e+00
	-1.269398e-05
	0.000000e+00
	-3.713255e-05
423	6.800000e-06
	1.000000e-06
	1.877086e+01
	1.000000e+14
	7.306206e+06
	3.468379e+07
	0.000000e+00
	-4.692520e+04
	0.000000e+00
	1.462915e-02
	0.000000e+00
	-1.474519e-05
	0.000000e+00
	-3.529585e-05
424	7.200000e-06
	1.000000e-06
	2.063548e+01
	1.000000e+14
	8.263263e+06
	3.304754e+07
	0.000000e+00
	-4.630606e+04
	0.000000e+00
	1.462908e-02
	0.000000e+00
	-1.679997e-05
	0.000000e+00
	-3.346204e-05
425	7.600000e-06
	1.000000e-06
	2.247535e+01
	1.000000e+14
	9.219522e+06
	3.140261e+07
	0.000000e+00
	-4.568726e+04
	0.000000e+00
	1.462906e-02
	0.000000e+00
	-1.885237e-05
	0.000000e+00
	-3.162903e-05
426	8.000000e-06
	1.000000e-06
	2.429046e+01
	1.000000e+14
	1.017351e+07
	2.974777e+07
	0.000000e+00
	-4.506855e+04
	0.000000e+00
	1.462905e-02
	0.000000e+00
	-2.089828e-05
	0.000000e+00
	-2.979621e-05
427	8.400000e-06
	1.000000e-06
	2.608083e+01
	1.000000e+14
	1.112429e+07
	2.808236e+07
	0.000000e+00
	-4.444988e+04
	0.000000e+00
	1.462905e-02
	0.000000e+00
	-2.293491e-05
	0.000000e+00
	-2.796340e-05
428	8.800000e-06
	1.000000e-06
	2.784645e+01
	1.000000e+14
	1.207135e+07
	2.640587e+07
	0.000000e+00
	-4.383122e+04
	0.000000e+00
	1.462905e-02
	0.000000e+00
	-2.496053e-05
	0.000000e+00
	-2.613055e-05
429	9.200000e-06
	1.000000e-06
	2.958733e+01
	1.000000e+14
	1.301449e+07
	2.471780e+07
	0.000000e+00
	-4.321257e+04
	0.000000e+00
	1.462905e-02
	0.000000e+00
	-2.697414e-05
	0.000000e+00
	-2.429765e-05
430	9.600000e-06
	1.000000e-06
	3.130346e+01
	1.000000e+14
	1.395373e+07
	2.301765e+07
	0.000000e+00
	-4.259391e+04
	0.000000e+00
	1.462905e-02
	0.000000e+00
	-2.897538e-05
	0.000000e+00
	-2.246468e-05
431	1.000000e-05
	1.000000e-06
	3.299484e+01
	1.000000e+14
	1.558531e+07
	2.130488e+07
	0.000000e+00
	-4.197526e+04
	0.000000e+00
	1.462905e-02
	0.000000e+00
	-3.095993e-05
	0.000000e+00
	-2.063167e-05
432	1.100000e-05
	1.000000e-06
	3.711503e+01
	1.000000e+14
	1.789779e+07
	1.827560e+07
	0.000000e+00
	-4.042862e+04
	0.000000e+00
	1.462905e-02
	0.000000e+00
	-3.586262e-05
	0.000000e+00
	-1.604906e-05
433	1.200000e-05
	1.000000e-06
	4.108056e+01
	1.000021e+14
	2.020102e+07
	1.387167e+07
	0.000000e+00
	-3.888196e+04
	0.000000e+00
	1.462905e-02
	0.000000e+00
	-4.070538e-05
	0.000000e+00
	-1.146616e-05
434	1.300000e-05
	1.000000e-06
	4.489143e+01
	1.006775e+14
	2.250400e+07
	9.367800e+06
	0.000000e+00
	-3.733006e+04
	0.000000e+00
	1.462905e-02
	0.000000e+00
	-4.549827e-05
	0.000000e+00
	-6.882775e-06
435	1.400000e-05
	1.000000e-06
	4.854658e+01
	1.995920e+14
	2.498982e+07
	4.751716e+06
	0.000000e+00
	-3.500802e+04
	0.000000e+00
	1.462905e-02
	0.000000e+00
	-5.025301e-05
	0.000000e+00
	-2.295491e-06
436	1.500000e-05
	1.000000e-06
	5.189303e+01
	6.893605e+15
	4.793119e+15
	2.840055e+01
	0.000000e+00
	-1.722106e+04
	0.000000e+00
	7.289635e-03
	0.000000e+00
	7.265343e-03
	0.000000e+00
	-1.480064e-11
437	1.600000e-05
	1.000000e-06
	5.199079e+01
	2.151523e+17
	2.151250e+17
	4.238158e+01
	0.000000e+00
	-7.658844e+02
	0.000000e+00
	-2.489274e-05
	0.000000e+00
	1.456843e-02
	0.000000e+00
	-2.217676e-12
438	1.700000e-05
	1.000000e-06
	5.204621e+01
	3.159147e+18
	3.159129e+18
	8.411968e+01
	0.000000e+00
	-4.137333e+02
	0.000000e+00
	-3.081445e-09
	0.000000e+00
	1.455353e-02
	0.000000e+00
	-8.471232e-13
439	1.800000e-05
	1.000000e-06
	5.207354e+01
	2.153466e+19
	2.153465e+19
	1.063321e+02
	0.000000e+00
	-2.171189e+02
	0.000000e+00
	-1.412287e-10
	0.000000e+00
	1.455353e-02
	0.000000e+00
	-1.229923e-13
440	1.900000e-05
	1.000000e-06
	5.208963e+01
	6.812157e+19
	6.812156e+19
	9.809552e+01
	0.000000e+00
	-1.072354e+02
	0.000000e+00
	-3.753231e-11
	0.000000e+00
	1.455353e-02
	0.000000e+00
	-3.501951e-15
441	2.000000e-05
	1.000000e-06
	5.209498e+01
	1.000001e+20
	1.000001e+20
	9.521644e+01
	-0.000000e+00
	-5.351207e+01
	-0.000000e+00
	-2.104064e-11
	0.000000e+00
	1.455351e-02
	0.000000e+00
	-6.633103e-17
