* x
38
* y
37
* x column
-5.00E-02    0.00E+00    5.00E-02    1.00E-01    1.50E-01    2.00E-01    2.50E-01    3.00E-01    3.50E-01    4.00E-01    4.50E-01    5.00E-01    5.50E-01    6.00E-01    6.50E-01    7.00E-01    7.50E-01    8.00E-01    8.50E-01    9.00E-01    9.50E-01    1.00E+00    1.05E+00    1.10E+00    1.15E+00    1.20E+00    1.25E+00    1.30E+00    1.35E+00    1.40E+00    1.45E+00    1.50E+00    1.55E+00    1.60E+00    1.65E+00    1.70E+00    1.75E+00    1.80E+00
* y column
-5.00E-02    0.00E+00    5.00E-02    1.00E-01    1.50E-01    2.00E-01    2.50E-01    3.00E-01    3.50E-01    4.00E-01    4.50E-01    5.00E-01    5.50E-01    6.00E-01    6.50E-01    7.00E-01    7.50E-01    8.00E-01    8.50E-01    9.00E-01    9.50E-01    1.00E+00    1.05E+00    1.10E+00    1.15E+00    1.20E+00    1.25E+00    1.30E+00    1.35E+00    1.40E+00    1.45E+00    1.50E+00    1.55E+00    1.60E+00    1.65E+00    1.70E+00    1.75E+00
* data
-9.52252e-09    -3.72189e-13    1.536533e-09    1.736575e-09    1.838856e-09    1.928945e-09    2.016091e-09    2.102394e-09    2.188563e-09    2.274898e-09    2.361544e-09    2.448581e-09    2.536051e-09    2.623979e-09    2.712379e-09    2.801256e-09    2.890616e-09    2.980459e-09    3.070786e-09    3.161599e-09    3.252901e-09    3.344700e-09    3.437003e-09    3.529825e-09    3.623184e-09    3.717104e-09    3.811614e-09    3.906750e-09    4.002556e-09    4.099085e-09    4.196401e-09    4.294579e-09    4.393711e-09    4.493906e-09    4.595297e-09    4.698048e-09    4.802358e-09    4.908477e-09
-3.81882e-08    -6.21225e-33    6.458559e-09    7.299240e-09    7.728924e-09    8.107350e-09    8.473394e-09    8.835887e-09    9.197806e-09    9.560413e-09    9.924323e-09    1.028986e-08    1.065721e-08    1.102648e-08    1.139772e-08    1.177096e-08    1.214621e-08    1.252348e-08    1.290277e-08    1.328409e-08    1.366745e-08    1.405287e-08    1.444040e-08    1.483008e-08    1.522198e-08    1.561619e-08    1.601284e-08    1.641204e-08    1.681399e-08    1.721886e-08    1.762690e-08    1.803839e-08    1.845366e-08    1.887310e-08    1.929717e-08    1.972646e-08    2.016166e-08    2.060360e-08
-1.45058e-07    3.848297e-13    2.639055e-08    2.982699e-08    3.158130e-08    3.312580e-08    3.461958e-08    3.609875e-08    3.757550e-08    3.905498e-08    4.053971e-08    4.203103e-08    4.352967e-08    4.503606e-08    4.655044e-08    4.807290e-08    4.960352e-08    5.114230e-08    5.268926e-08    5.424442e-08    5.580782e-08    5.737955e-08    5.895974e-08    6.054860e-08    6.214638e-08    6.375345e-08    6.537022e-08    6.699722e-08    6.863507e-08    7.028450e-08    7.194639e-08    7.362172e-08    7.531169e-08    7.701768e-08    7.874132e-08    8.048455e-08    8.224971e-08    8.403963e-08
-5.07893e-07    1.947071e-12    1.026393e-07    1.160295e-07    1.228369e-07    1.288234e-07    1.346112e-07    1.403412e-07    1.460611e-07    1.517910e-07    1.575406e-07    1.633153e-07    1.691178e-07    1.749499e-07    1.808125e-07    1.867059e-07    1.926305e-07    1.985862e-07    2.045731e-07    2.105913e-07    2.166408e-07    2.227221e-07    2.288356e-07    2.349821e-07    2.411624e-07    2.473780e-07    2.536302e-07    2.599211e-07    2.662529e-07    2.726281e-07    2.790498e-07    2.855214e-07    2.920471e-07    2.986314e-07    3.052799e-07    3.119987e-07    3.187955e-07    3.256792e-07
-1.60802e-06    6.717059e-12    3.695931e-07    4.181574e-07    4.425132e-07    4.638555e-07    4.844656e-07    5.048593e-07    5.252100e-07    5.455914e-07    5.660390e-07    5.865721e-07    6.072011e-07    6.279320e-07    6.487683e-07    6.697115e-07    6.907624e-07    7.119212e-07    7.331881e-07    7.545633e-07    7.760473e-07    7.976412e-07    8.193465e-07    8.411659e-07    8.631026e-07    8.851608e-07    9.073460e-07    9.296643e-07    9.521233e-07    9.747315e-07    9.974989e-07    1.020437e-06    1.043558e-06    1.066877e-06    1.090410e-06    1.114177e-06    1.138201e-06    1.162506e-06
-4.59917e-06    2.782341e-11    1.204295e-06    1.366315e-06    1.444432e-06    1.512162e-06    1.577357e-06    1.641777e-06    1.706008e-06    1.770300e-06    1.834773e-06    1.899492e-06    1.964494e-06    2.029799e-06    2.095419e-06    2.161359e-06    2.227623e-06    2.294212e-06    2.361127e-06    2.428368e-06    2.495937e-06    2.563837e-06    2.632075e-06    2.700657e-06    2.769594e-06    2.838898e-06    2.908588e-06    2.978680e-06    3.049199e-06    3.120169e-06    3.191621e-06    3.263586e-06    3.336103e-06    3.409212e-06    3.482961e-06    3.557402e-06    3.632594e-06    3.708606e-06
-1.18811e-05    1.377256e-10    3.534794e-06    4.043720e-06    4.266756e-06    4.454805e-06    4.634319e-06    4.811070e-06    4.986966e-06    5.162807e-06    5.338985e-06    5.515709e-06    5.693096e-06    5.871217e-06    6.050112e-06    6.229803e-06    6.410303e-06    6.591619e-06    6.773755e-06    6.956715e-06    7.140506e-06    7.325139e-06    7.510629e-06    7.696999e-06    7.884277e-06    8.072501e-06    8.261715e-06    8.451971e-06    8.643332e-06    8.835865e-06    9.029650e-06    9.224772e-06    9.421328e-06    9.619424e-06    9.819175e-06    1.002071e-05    1.022418e-05    1.042974e-05
-2.69316e-05    4.869002e-10    9.381301e-06    1.097507e-05    1.155833e-05    1.201835e-05    1.244892e-05    1.286946e-05    1.328620e-05    1.370171e-05    1.411725e-05    1.453349e-05    1.495082e-05    1.536947e-05    1.578959e-05    1.621125e-05    1.663452e-05    1.705943e-05    1.748600e-05    1.791426e-05    1.834422e-05    1.877593e-05    1.920943e-05    1.964478e-05    2.008205e-05    2.052135e-05    2.096277e-05    2.140646e-05    2.185255e-05    2.230123e-05    2.275267e-05    2.320708e-05    2.366468e-05    2.412573e-05    2.459048e-05    2.505921e-05    2.553226e-05    2.600996e-05
-5.15759e-05    1.147154e-09    2.204593e-05    2.712538e-05    2.861719e-05    2.963638e-05    3.054932e-05    3.142576e-05    3.228677e-05    3.314080e-05    3.399192e-05    3.484227e-05    3.569314e-05    3.654528e-05    3.739919e-05    3.825518e-05    3.911347e-05    3.997419e-05    4.083746e-05    4.170336e-05    4.257200e-05    4.344346e-05    4.431788e-05    4.519539e-05    4.607620e-05    4.696051e-05    4.784859e-05    4.874072e-05    4.963724e-05    5.053851e-05    5.144495e-05    5.235699e-05    5.327510e-05    5.419980e-05    5.513163e-05    5.607118e-05    5.701906e-05    5.797595e-05
-8.36434e-05    2.196115e-09    4.402165e-05    5.881262e-05    6.283605e-05    6.497886e-05    6.673095e-05    6.835566e-05    6.992555e-05    7.146807e-05    7.299592e-05    7.451582e-05    7.603166e-05    7.754581e-05    7.905982e-05    8.057469e-05    8.209113e-05    8.360963e-05    8.513057e-05    8.665424e-05    8.818093e-05    8.971091e-05    9.124448e-05    9.278198e-05    9.432383e-05    9.587047e-05    9.742244e-05    9.898032e-05    1.005448e-04    1.021166e-04    1.036964e-04    1.052852e-04    1.068839e-04    1.084934e-04    1.101147e-04    1.117489e-04    1.133971e-04    1.150605e-04
-1.19045e-04    3.805071e-09    7.404774e-05    1.082971e-04    1.194141e-04    1.239747e-04    1.271383e-04    1.298885e-04    1.324689e-04    1.349641e-04    1.374112e-04    1.398293e-04    1.422292e-04    1.446174e-04    1.469980e-04    1.493741e-04    1.517474e-04    1.541194e-04    1.564911e-04    1.588634e-04    1.612368e-04    1.636122e-04    1.659901e-04    1.683712e-04    1.707564e-04    1.731464e-04    1.755422e-04    1.779450e-04    1.803558e-04    1.827760e-04    1.852069e-04    1.876500e-04    1.901069e-04    1.925791e-04    1.950684e-04    1.975766e-04    2.001055e-04    2.026570e-04
-1.54511e-04    6.220853e-09    1.082531e-04    1.701758e-04    1.967727e-04    2.069092e-04    2.125589e-04    2.169671e-04    2.209075e-04    2.246232e-04    2.282135e-04    2.317267e-04    2.351895e-04    2.386179e-04    2.420220e-04    2.454085e-04    2.487819e-04    2.521457e-04    2.555022e-04    2.588533e-04    2.622005e-04    2.655453e-04    2.688887e-04    2.722322e-04    2.755770e-04    2.789246e-04    2.822765e-04    2.856345e-04    2.890005e-04    2.923765e-04    2.957646e-04    2.991671e-04    3.025864e-04    3.060251e-04    3.094857e-04    3.129710e-04    3.164837e-04    3.200267e-04
-1.88238e-04    9.763451e-09    1.431311e-04    2.364682e-04    2.868304e-04    3.086527e-04    3.190086e-04    3.259565e-04    3.317247e-04    3.369651e-04    3.419219e-04    3.467075e-04    3.513813e-04    3.559779e-04    3.605189e-04    3.650185e-04    3.694864e-04    3.739293e-04    3.783523e-04    3.827591e-04    3.871527e-04    3.915356e-04    3.959099e-04    4.002780e-04    4.046418e-04    4.090035e-04    4.133656e-04    4.177306e-04    4.221011e-04    4.264802e-04    4.308709e-04    4.352765e-04    4.397005e-04    4.441464e-04    4.486180e-04    4.531190e-04    4.576534e-04    4.622251e-04
-2.19454e-04    1.484579e-08    1.766180e-04    3.017966e-04    3.802811e-04    4.211477e-04    4.403780e-04    4.514660e-04    4.597816e-04    4.669503e-04    4.735364e-04    4.797822e-04    4.858097e-04    4.916878e-04    4.974588e-04    5.031496e-04    5.087787e-04    5.143589e-04    5.198993e-04    5.254069e-04    5.308869e-04    5.363437e-04    5.417809e-04    5.472019e-04    5.526098e-04    5.580079e-04    5.633994e-04    5.687880e-04    5.741772e-04    5.795711e-04    5.849739e-04    5.903899e-04    5.958238e-04    6.012804e-04    6.067646e-04    6.122815e-04    6.178363e-04    6.234342e-04
-2.47937e-04    2.200518e-08    2.077825e-04    3.635601e-04    4.710877e-04    5.361245e-04    5.700148e-04    5.880715e-04    6.001227e-04    6.098120e-04    6.183772e-04    6.263138e-04    6.338583e-04    6.411392e-04    6.482330e-04    6.551881e-04    6.620368e-04    6.688013e-04    6.754976e-04    6.821373e-04    6.887293e-04    6.952807e-04    7.017971e-04    7.082836e-04    7.147448e-04    7.211852e-04    7.276092e-04    7.340215e-04    7.404270e-04    7.468306e-04    7.532379e-04    7.596545e-04    7.660862e-04    7.725392e-04    7.790198e-04    7.855343e-04    7.920895e-04    7.986919e-04
-2.73718e-04    3.194245e-08    2.363197e-04    4.207414e-04    5.564810e-04    6.476220e-04    7.014178e-04    7.306644e-04    7.484158e-04    7.615357e-04    7.725746e-04    7.825085e-04    7.917765e-04    8.006068e-04    8.091313e-04    8.174319e-04    8.255624e-04    8.335594e-04    8.414489e-04    8.492495e-04    8.569754e-04    8.646376e-04    8.722446e-04    8.798039e-04    8.873221e-04    8.948050e-04    9.022587e-04    9.096891e-04    9.171023e-04    9.245046e-04    9.319027e-04    9.393037e-04    9.467146e-04    9.541431e-04    9.615969e-04    9.690839e-04    9.766122e-04    9.841899e-04
-2.96938e-04    4.556986e-08    2.622214e-04    4.730869e-04    6.354671e-04    7.525837e-04    8.292411e-04    8.743424e-04    9.007787e-04    9.187412e-04    9.329721e-04    9.453230e-04    9.565855e-04    9.671522e-04    9.772418e-04    9.869871e-04    9.964739e-04    1.005760e-03    1.014885e-03    1.023879e-03    1.032763e-03    1.041554e-03    1.050264e-03    1.058903e-03    1.067482e-03    1.076007e-03    1.084487e-03    1.092929e-03    1.101341e-03    1.109730e-03    1.118104e-03    1.126472e-03    1.134843e-03    1.143225e-03    1.151627e-03    1.160060e-03    1.168532e-03    1.177054e-03
-3.17776e-04    6.407034e-08    2.856083e-04    5.206895e-04    7.078634e-04    8.498545e-04    9.501587e-04    1.014650e-03    1.053514e-03    1.078430e-03    1.096905e-03    1.112255e-03    1.125873e-03    1.138419e-03    1.150244e-03    1.161559e-03    1.172494e-03    1.183139e-03    1.193553e-03    1.203781e-03    1.213853e-03    1.223794e-03    1.233622e-03    1.243353e-03    1.252998e-03    1.262568e-03    1.272072e-03    1.281522e-03    1.290924e-03    1.300290e-03    1.309627e-03    1.318947e-03    1.328259e-03    1.337573e-03    1.346901e-03    1.356254e-03    1.365643e-03    1.375079e-03
-3.36421e-04    8.897163e-08    3.066509e-04    5.637925e-04    7.738483e-04    9.392144e-04    1.062667e-03    1.148248e-03    1.203072e-03    1.237765e-03    1.262006e-03    1.281166e-03    1.297622e-03    1.312461e-03    1.326240e-03    1.339281e-03    1.351781e-03    1.363872e-03    1.375641e-03    1.387152e-03    1.398451e-03    1.409571e-03    1.420540e-03    1.431376e-03    1.442097e-03    1.452717e-03    1.463249e-03    1.473703e-03    1.484092e-03    1.494426e-03    1.504717e-03    1.514975e-03    1.525212e-03    1.535441e-03    1.545674e-03    1.555924e-03    1.566203e-03    1.576525e-03
-3.53059e-04    1.222393e-07    3.255351e-04    6.026992e-04    8.337582e-04    1.020865e-03    1.166361e-03    1.273254e-03    1.346394e-03    1.393966e-03    1.426048e-03    1.450146e-03    1.470086e-03    1.487624e-03    1.503634e-03    1.518598e-03    1.532808e-03    1.546453e-03    1.559660e-03    1.572518e-03    1.585092e-03    1.597428e-03    1.609564e-03    1.621528e-03    1.633340e-03    1.645020e-03    1.656584e-03    1.668047e-03    1.679421e-03    1.690719e-03    1.701955e-03    1.713142e-03    1.724292e-03    1.735420e-03    1.746540e-03    1.757666e-03    1.768813e-03    1.779996e-03
-3.67863e-04    1.663937e-07    3.424457e-04    6.377302e-04    8.879939e-04    1.095195e-03    1.261381e-03    1.388960e-03    1.481377e-03    1.544430e-03    1.586855e-03    1.617417e-03    1.641701e-03    1.662466e-03    1.681055e-03    1.698188e-03    1.714287e-03    1.729620e-03    1.744366e-03    1.758649e-03    1.772558e-03    1.786158e-03    1.799498e-03    1.812616e-03    1.825540e-03    1.838296e-03    1.850903e-03    1.863379e-03    1.875741e-03    1.888003e-03    1.900181e-03    1.912290e-03    1.924344e-03    1.936359e-03    1.948352e-03    1.960337e-03    1.972332e-03    1.984353e-03
-3.80996e-04    2.246560e-07    3.575602e-04    6.692033e-04    9.369753e-04    1.162669e-03    1.348116e-03    1.495347e-03    1.606974e-03    1.687069e-03    1.742309e-03    1.781258e-03    1.811026e-03    1.835696e-03    1.857303e-03    1.876907e-03    1.895114e-03    1.912299e-03    1.928709e-03    1.944512e-03    1.959831e-03    1.974752e-03    1.989341e-03    2.003648e-03    2.017712e-03    2.031563e-03    2.045229e-03    2.058729e-03    2.072086e-03    2.085315e-03    2.098435e-03    2.111463e-03    2.124415e-03    2.137310e-03    2.150163e-03    2.162994e-03    2.175821e-03    2.188661e-03
-3.92605e-04    3.011311e-07    3.710457e-04    6.974240e-04    9.811186e-04    1.223778e-03    1.427063e-03    1.592743e-03    1.722924e-03    1.820579e-03    1.890525e-03    1.939980e-03    1.976684e-03    2.006129e-03    2.031303e-03    2.053751e-03    2.074332e-03    2.093566e-03    2.111789e-03    2.129229e-03    2.146046e-03    2.162359e-03    2.178252e-03    2.193793e-03    2.209030e-03    2.224004e-03    2.238749e-03    2.253290e-03    2.267652e-03    2.281856e-03    2.295922e-03    2.309870e-03    2.323718e-03    2.337486e-03    2.351194e-03    2.364860e-03    2.378505e-03    2.392149e-03
-4.02826e-04    4.010366e-07    3.830582e-04    7.226806e-04    1.020824e-03    1.279010e-03    1.498754e-03    1.681635e-03    1.829428e-03    1.944426e-03    2.030104e-03    2.091992e-03    2.137335e-03    2.172654e-03    2.202078e-03    2.227823e-03    2.251099e-03    2.272618e-03    2.292832e-03    2.312045e-03    2.330470e-03    2.348258e-03    2.365523e-03    2.382350e-03    2.398803e-03    2.414934e-03    2.430784e-03    2.446386e-03    2.461769e-03    2.476960e-03    2.491980e-03    2.506853e-03    2.521599e-03    2.536240e-03    2.550797e-03    2.565291e-03    2.579746e-03    2.594182e-03
-4.11777e-04    5.309870e-07    3.937427e-04    7.452433e-04    1.056473e-03    1.328837e-03    1.563729e-03    1.762573e-03    1.926917e-03    2.058620e-03    2.160277e-03    2.235958e-03    2.291685e-03    2.334203e-03    2.368720e-03    2.398313e-03    2.424666e-03    2.448750e-03    2.471166e-03    2.492314e-03    2.512472e-03    2.531836e-03    2.550552e-03    2.568729e-03    2.586449e-03    2.603777e-03    2.620765e-03    2.637455e-03    2.653881e-03    2.670074e-03    2.686060e-03    2.701866e-03    2.717515e-03    2.733031e-03    2.748438e-03    2.763757e-03    2.779015e-03    2.794234e-03
-4.19565e-04    6.993484e-07    4.032341e-04    7.653634e-04    1.088422e-03    1.373709e-03    1.622510e-03    1.836124e-03    2.015926e-03    2.163486e-03    2.280833e-03    2.370976e-03    2.438564e-03    2.489742e-03    2.530373e-03    2.564476e-03    2.594359e-03    2.621334e-03    2.646198e-03    2.669472e-03    2.691511e-03    2.712568e-03    2.732828e-03    2.752430e-03    2.771477e-03    2.790052e-03    2.808218e-03    2.826027e-03    2.843522e-03    2.860738e-03    2.877707e-03    2.894459e-03    2.911020e-03    2.927417e-03    2.943676e-03    2.959821e-03    2.975879e-03    2.991875e-03
-4.26283e-04    9.166789e-07    4.116582e-04    7.832746e-04    1.117003e-03    1.414049e-03    1.675599e-03    1.902846e-03    2.097028e-03    2.259509e-03    2.391947e-03    2.496634e-03    2.577058e-03    2.638302e-03    2.686215e-03    2.725618e-03    2.759564e-03    2.789811e-03    2.817408e-03    2.843025e-03    2.867116e-03    2.890002e-03    2.911915e-03    2.933029e-03    2.953474e-03    2.973353e-03    2.992744e-03    3.011711e-03    3.030306e-03    3.048571e-03    3.066544e-03    3.084258e-03    3.101744e-03    3.119032e-03    3.136149e-03    3.153124e-03    3.169983e-03    3.186755e-03
-4.32010e-04    1.196274e-06    4.191330e-04    7.991944e-04    1.142529e-03    1.450255e-03    1.723471e-03    1.963276e-03    2.170796e-03    2.347242e-03    2.494015e-03    2.612929e-03    2.706619e-03    2.779051e-03    2.835468e-03    2.881087e-03    2.919718e-03    2.953675e-03    2.984329e-03    3.012539e-03    3.038878e-03    3.063748e-03    3.087438e-03    3.110165e-03    3.132090e-03    3.153340e-03    3.174011e-03    3.194181e-03    3.213912e-03    3.233257e-03    3.252259e-03    3.270957e-03    3.289385e-03    3.307577e-03    3.325563e-03    3.343373e-03    3.361039e-03    3.378589e-03
-4.36813e-04    1.554845e-06    4.257701e-04    8.133258e-04    1.165289e-03    1.482697e-03    1.766571e-03    2.017926e-03    2.237793e-03    2.427261e-03    2.587545e-03    2.720135e-03    2.827073e-03    2.911392e-03    2.977431e-03    3.030268e-03    3.074299e-03    3.112466e-03    3.146545e-03    3.177630e-03    3.206438e-03    3.233467e-03    3.259076e-03    3.283531e-03    3.307030e-03    3.329727e-03    3.351741e-03    3.373166e-03    3.394077e-03    3.414538e-03    3.434599e-03    3.454305e-03    3.473697e-03    3.492809e-03    3.511678e-03    3.530336e-03    3.548814e-03    3.567146e-03
-4.40746e-04    2.013353e-06    4.316766e-04    8.258591e-04    1.185554e-03    1.511725e-03    1.805320e-03    2.067280e-03    2.298556e-03    2.500133e-03    2.673089e-03    2.818683e-03    2.938551e-03    3.035026e-03    3.111538e-03    3.172599e-03    3.222826e-03    3.265769e-03    3.303683e-03    3.337956e-03    3.369479e-03    3.398866e-03    3.426554e-03    3.452865e-03    3.478044e-03    3.502275e-03    3.525704e-03    3.548444e-03    3.570586e-03    3.592203e-03    3.613359e-03    3.634103e-03    3.654482e-03    3.674536e-03    3.694305e-03    3.713823e-03    3.733126e-03    3.752249e-03
-4.43847e-04    2.598043e-06    4.369564e-04    8.369747e-04    1.203578e-03    1.537663e-03    1.840111e-03    2.111796e-03    2.353596e-03    2.566413e-03    2.751212e-03    2.909087e-03    3.041386e-03    3.149944e-03    3.237429e-03    3.307593e-03    3.364862e-03    3.413207e-03    3.455411e-03    3.493216e-03    3.527727e-03    3.559689e-03    3.589632e-03    3.617945e-03    3.644922e-03    3.670786e-03    3.695711e-03    3.719833e-03    3.743262e-03    3.766085e-03    3.788374e-03    3.810190e-03    3.831585e-03    3.852606e-03    3.873295e-03    3.893691e-03    3.913833e-03    3.933758e-03
-4.46141e-04    3.341718e-06    4.417127e-04    8.468452e-04    1.219602e-03    1.560819e-03    1.871315e-03    2.151905e-03    2.403400e-03    2.626631e-03    2.822472e-03    2.991889e-03    3.136023e-03    3.256359e-03    3.354983e-03    3.434897e-03    3.500020e-03    3.554446e-03    3.601436e-03    3.643147e-03    3.680939e-03    3.715714e-03    3.748107e-03    3.778583e-03    3.807490e-03    3.835096e-03    3.861608e-03    3.887189e-03    3.911968e-03    3.936049e-03    3.959517e-03    3.982444e-03    4.004888e-03    4.026904e-03    4.048537e-03    4.069832e-03    4.090830e-03    4.111571e-03
-4.47637e-04    4.285307e-06    4.460500e-04    8.556383e-04    1.233857e-03    1.581483e-03    1.899284e-03    2.188013e-03    2.448428e-03    2.681295e-03    2.887411e-03    3.067640e-03    3.222973e-03    3.354638e-03    3.464298e-03    3.554324e-03    3.627996e-03    3.689199e-03    3.741510e-03    3.787525e-03    3.828911e-03    3.866754e-03    3.901808e-03    3.934621e-03    3.965604e-03    3.995072e-03    4.023272e-03    4.050396e-03    4.076596e-03    4.101996e-03    4.126694e-03    4.150774e-03    4.174306e-03    4.197347e-03    4.219953e-03    4.242171e-03    4.264045e-03    4.285619e-03
-4.48326e-04    5.479786e-06    4.500765e-04    8.635197e-04    1.246565e-03    1.599937e-03    1.924351e-03    2.220511e-03    2.489120e-03    2.730890e-03    2.946551e-03    3.136885e-03    3.302765e-03    3.445234e-03    3.565646e-03    3.665880e-03    3.748595e-03    3.817232e-03    3.875429e-03    3.926169e-03    3.971475e-03    4.012655e-03    4.050593e-03    4.085931e-03    4.119147e-03    4.150611e-03    4.180610e-03    4.209370e-03    4.237070e-03    4.263854e-03    4.289839e-03    4.315121e-03    4.339780e-03    4.363884e-03    4.387493e-03    4.410660e-03    4.433435e-03    4.455863e-03
-4.48179e-04    6.988543e-06    4.539073e-04    8.706566e-04    1.257945e-03    1.616451e-03    1.946839e-03    2.249769e-03    2.525897e-03    2.775880e-03    3.000397e-03    3.200156e-03    3.375939e-03    3.528649e-03    3.659412e-03    3.769741e-03    3.861765e-03    3.938384e-03    4.003035e-03    4.058944e-03    4.108508e-03    4.153297e-03    4.194352e-03    4.232413e-03    4.268031e-03    4.301634e-03    4.333553e-03    4.364051e-03    4.393337e-03    4.421580e-03    4.448914e-03    4.475451e-03    4.501284e-03    4.526490e-03    4.551137e-03    4.575283e-03    4.598984e-03    4.622290e-03
-4.47145e-04    8.890266e-06    4.576677e-04    8.772212e-04    1.268218e-03    1.631291e-03    1.967064e-03    2.276150e-03    2.559163e-03    2.816716e-03    3.049436e-03    3.257973e-03    3.443031e-03    3.605406e-03    3.746055e-03    3.866219e-03    3.967606e-03    4.052591e-03    4.124225e-03    4.185765e-03    4.239931e-03    4.288604e-03    4.333010e-03    4.373998e-03    4.412197e-03    4.448090e-03    4.482059e-03    4.514406e-03    4.545373e-03    4.575154e-03    4.603905e-03    4.631757e-03    4.658814e-03    4.685165e-03    4.710888e-03    4.736048e-03    4.760705e-03    4.784913e-03
-4.45145e-04    1.128247e-05    4.614969e-04    8.833956e-04    1.277609e-03    1.644728e-03    1.985336e-03    2.300008e-03    2.589317e-03    2.853835e-03    3.094143e-03    3.310842e-03    3.504571e-03    3.676040e-03    3.826076e-03    3.955719e-03    4.066353e-03    4.159903e-03    4.238959e-03    4.306590e-03    4.365717e-03    4.418545e-03    4.466532e-03    4.510651e-03    4.551611e-03    4.589955e-03    4.626113e-03    4.660429e-03    4.693178e-03    4.724584e-03    4.754828e-03    4.784056e-03    4.812393e-03    4.839938e-03    4.866778e-03    4.892987e-03    4.918632e-03    4.943773e-03
