* tabelle generiert aus test2.b4
* x
7
* y
37
* x row
0 0.3 0.6 0.9 1.2 1.5 1.8
* y column
0.00E+00    5.00E-02    1.00E-01    1.50E-01    2.00E-01    2.50E-01    3.00E-01    3.50E-01    4.00E-01    4.50E-01    5.00E-01    5.50E-01    6.00E-01    6.50E-01    7.00E-01    7.50E-01    8.00E-01    8.50E-01    9.00E-01    9.50E-01    1.00E+00    1.05E+00    1.10E+00    1.15E+00    1.20E+00    1.25E+00    1.30E+00    1.35E+00    1.40E+00    1.45E+00    1.50E+00    1.55E+00    1.60E+00    1.65E+00    1.70E+00    1.75E+00    1.80E+00
* current table test2.b4
0.000E+00   0.000E+00   0.000E+00   0.000E+00   0.000E+00   0.000E+00   0.000E+00
2.820E-16   1.602E-10   4.383E-05   5.608E-04   7.503E-04   8.474E-04   9.037E-04
1.694E-16   2.112E-10   5.691E-05   9.872E-04   1.395E-03   1.610E-03   1.738E-03
2.058E-16   2.565E-10   6.569E-05   1.292E-03   1.940E-03   2.292E-03   2.504E-03
2.437E-16   3.038E-10   7.401E-05   1.491E-03   2.389E-03   2.895E-03   3.204E-03
2.840E-16   3.540E-10   8.242E-05   1.611E-03   2.745E-03   3.423E-03   3.841E-03
3.272E-16   4.078E-10   9.105E-05   1.689E-03   3.013E-03   3.876E-03   4.416E-03
3.733E-16   4.653E-10   9.994E-05   1.748E-03   3.202E-03   4.254E-03   4.928E-03
4.227E-16   5.268E-10   1.091E-04   1.799E-03   3.333E-03   4.558E-03   5.380E-03
4.755E-16   5.925E-10   1.186E-04   1.845E-03   3.429E-03   4.790E-03   5.769E-03
5.318E-16   6.627E-10   1.283E-04   1.889E-03   3.507E-03   4.961E-03   6.093E-03
5.920E-16   7.376E-10   1.384E-04   1.932E-03   3.575E-03   5.091E-03   6.355E-03
6.561E-16   8.175E-10   1.487E-04   1.974E-03   3.637E-03   5.194E-03   6.558E-03
7.245E-16   9.026E-10   1.594E-04   2.016E-03   3.695E-03   5.281E-03   6.715E-03
7.973E-16   9.933E-10   1.704E-04   2.057E-03   3.752E-03   5.360E-03   6.842E-03
8.749E-16   1.090E-09   1.817E-04   2.099E-03   3.807E-03   5.432E-03   6.948E-03
9.573E-16   1.192E-09   1.933E-04   2.140E-03   3.861E-03   5.501E-03   7.042E-03
1.045E-15   1.302E-09   2.053E-04   2.181E-03   3.914E-03   5.567E-03   7.128E-03
1.138E-15   1.418E-09   2.175E-04   2.222E-03   3.966E-03   5.631E-03   7.208E-03
1.237E-15   1.541E-09   2.301E-04   2.263E-03   4.018E-03   5.694E-03   7.285E-03
1.342E-15   1.671E-09   2.430E-04   2.304E-03   4.070E-03   5.756E-03   7.358E-03
1.454E-15   1.810E-09   2.563E-04   2.345E-03   4.122E-03   5.818E-03   7.430E-03
1.572E-15   1.957E-09   2.698E-04   2.386E-03   4.173E-03   5.878E-03   7.501E-03
1.697E-15   2.113E-09   2.837E-04   2.427E-03   4.225E-03   5.938E-03   7.570E-03
1.830E-15   2.278E-09   2.979E-04   2.468E-03   4.276E-03   5.998E-03   7.638E-03
1.970E-15   2.452E-09   3.125E-04   2.510E-03   4.327E-03   6.057E-03   7.705E-03
2.119E-15   2.637E-09   3.274E-04   2.551E-03   4.378E-03   6.116E-03   7.772E-03
2.276E-15   2.833E-09   3.426E-04   2.592E-03   4.429E-03   6.174E-03   7.838E-03
2.442E-15   3.039E-09   3.581E-04   2.634E-03   4.479E-03   6.233E-03   7.904E-03
2.618E-15   3.258E-09   3.740E-04   2.676E-03   4.530E-03   6.291E-03   7.969E-03
2.804E-15   3.489E-09   3.902E-04   2.717E-03   4.581E-03   6.349E-03   8.034E-03
3.000E-15   3.733E-09   4.067E-04   2.759E-03   4.631E-03   6.407E-03   8.099E-03
3.208E-15   3.991E-09   4.236E-04   2.801E-03   4.682E-03   6.464E-03   8.163E-03
3.427E-15   4.263E-09   4.407E-04   2.842E-03   4.733E-03   6.522E-03   8.226E-03
3.658E-15   4.550E-09   4.583E-04   2.884E-03   4.783E-03   6.579E-03   8.290E-03
3.902E-15   4.852E-09   4.761E-04   2.926E-03   4.833E-03   6.636E-03   8.353E-03
4.159E-15   5.172E-09   4.943E-04   2.968E-03   4.884E-03   6.693E-03   8.416E-03
